0 0 0 0 0 0 0 0 0 0 0 0 0 0 0 0 0 
0 4 1.6 0.48 0.128 0.032 1.0077 0.2018 4.4405 4.4882 2.8977 2.9796 3.996 4.9993 1.9999 1 0 
0 1.6 0.96 0.384 0.128 0.0384 2.2108 1.0829 1.9048 4.0787 0.7953 0.955 4.9903 3.998 0.9996 4 0 
0 0.48 0.384 0.192 0.0768 1.0269 4.2487 4.6667 1.3144 3.0787 4.7749 0.946 1.9873 1.9971 2.9994 0.9999 1 
0 0.128 0.128 0.0768 3.0359 2.4144 0.3332 2.4002 1.543 2.3244 1.8199 0.9532 4.9882 1.9971 4.9994 1.9999 1 
0 0.032 0.0384 1.0269 2.4144 1.1665 0.1002 1.7002 1.6487 3.5947 3.883 2.9673 4.9912 1.9977 3.9995 0.9999 1 
0 1.0077 2.2108 4.2487 0.3332 0.1002 0.8402 4.1082 0.3514 3.7893 1.9345 1.9804 3.9944 3.9985 4.9997 4 0 
0 0.2018 1.0829 4.6667 2.4002 1.7002 4.1082 0.2433 2.719 1.9017 2.9673 2.9896 4.9969 0.9991 1.9998 2 0 
0 4.4405 1.9048 1.3144 1.543 1.6487 0.3514 2.719 4.8877 0.9579 2.9851 2.995 0.9984 4.9996 0.9999 1 0 
0 4.4882 4.0787 3.0787 2.3244 3.5947 3.7893 1.9017 0.9579 1.9832 1.9937 2.9978 2.9993 0.9998 3 0 0 
0 2.8977 0.7953 4.7749 1.8199 3.883 1.9345 2.9673 2.9851 1.9937 0.9975 1.9991 0.9997 5 0 0 0 
0 2.9796 0.955 0.946 0.9532 2.9673 1.9804 2.9896 2.995 2.9978 1.9991 2.9997 0.9999 1 0 0 0 
0 3.996 4.9903 1.9873 4.9882 4.9912 3.9944 4.9969 0.9984 2.9993 0.9997 0.9999 2 0 0 0 0 
0 4.9993 3.998 1.9971 1.9971 1.9977 3.9985 0.9991 4.9996 0.9998 5 1 0 0 0 0 0 
0 1.9999 0.9996 2.9994 4.9994 3.9995 4.9997 1.9998 0.9999 3 0 0 0 0 0 0 0 
0 1 4 0.9999 1.9999 0.9999 4 2 1 0 0 0 0 0 0 0 0 
0 0 0 1 1 1 0 0 0 0 0 0 0 0 0 0 0 
