0 0 0 0 0 0 0 0 0 0 0 0 0 0 0 0 0 0 0 0 0 0 0 0 0 0 0 0 0 0 0 0 0 0 0 0 0 0 0 0 0 0 0 0 0 0 0 0 0 0 0 0 0 0 0 0 0 0 0 0 0 0 0 0 0 0 0 0 0 0 0 0 0 0 0 0 0 0 0 0 0 0 
0 0.982423 0.951464 0.697014 2.60335 4.54932 4.48916 1.89718 1.26583 2.14999 0.502725 2.14394 1.87336 4.88822 0.643395 3.77532 3.60396 4.84948 1.65518 0.145838 2.55166 4.88253 1.06208 0.292376 4.72152 0.609335 3.13001 3.72176 2.84436 1.1772 0.640791 1.48893 0.124531 4.76394 1.5009 1.50796 4.09455 0.521383 2.7251 1.48623 0.042176 0.0730133 0.301465 3.48433 1.96203 3.52505 0.923332 4.61723 1.62754 0.528868 0.197073 0.434404 4.35885 0.460342 0.870504 4.79007 3.05001 1.54 1.66 1.31 1.81 2.82 4.26 1.52 4.76 6.89226e-12 0.33 4.1 2.43 1.49 0.9 4.99 1 0 0 0 0 0 0 0 0 0 
0 0.951464 2.00995 1.94916 2.54898 1.62025 3.39435 3.11269 1.1016 0.811145 4.78196 3.58087 0.128709 0.230471 0.511385 4.83862 0.78466 3.36351 3.13567 4.20319 4.50412 1.88372 3.22395 1.1972 3.26499 2.36978 0.369091 4.2723 2.49499 2.14966 2.65249 1.14199 1.1641 3.33871 3.78717 4.19689 0.367633 3.37841 4.73742 0.615122 1.86445 0.9718 2.7179 2.00971 2.5544 3.36619 1.81667 2.07872 2.58816 3.55831 3.72444 1.55341 3.8301 4.02009 4.13546 0.310791 4.99014 4.39003 3.79001 0.540003 3.82 2.27 2.94 4.23 4.88 3.39 1.05 2.38 4.04 4.93 0.57 3.72 2.95 5 0 0 0 0 0 0 0 0 
0 0.697014 1.94916 1.12096 1.79537 1.63808 1.58434 0.231675 4.2614 0.923948 0.468598 3.7896 2.89384 1.6791 2.06182 2.18221 3.13939 0.683675 0.87291 2.06126 1.30136 0.872208 2.99156 0.434355 3.23003 1.01632 0.502147 2.61187 3.79012 0.583613 3.49378 2.6698 2.87747 1.90433 1.54339 4.72395 2.27563 3.18513 4.79362 1.04665 2.1959 2.37853 4.8279 3.52066 1.31852 3.66264 2.73604 4.92622 2.57277 4.48947 3.06609 0.0552017 1.38269 4.28443 2.28992 3.39941 3.59089 4.72018 4.56006 4.93001 2.88 0.890001 3.79 4.79 2.17 0.49 4.31 4.49 1.19 3.53 4.85 0.92 2.58 1.92 2.99 1 0 0 0 0 0 0 
0 2.60335 2.54898 1.79537 2.08074 2.30116 1.77917 2.44301 0.352198 1.50488 0.602745 3.83027 3.36573 2.7191 3.46286 3.28203 4.96329 0.521359 0.465594 3.0631 0.341031 2.78335 4.15158 1.49921 4.71232 1.82952 3.95002 1.18216 0.0241875 3.22774 4.69005 0.593884 4.82046 1.30078 3.32962 4.10937 4.18778 0.191537 4.94399 0.909602 2.15233 4.08935 1.92707 3.45546 3.26502 0.937391 4.6601 3.3396 2.45328 1.46604 1.83341 4.10649 1.90367 2.31912 3.95375 2.27864 3.525 1.38142 4.40017 1.78003 1.70001 0.520001 0.71 2.37 2.69 3.5 0.51 1.76 3.44 4.27 4.33 4.88 1.9 2.57 3.92 2.99 1 0 0 0 0 0 
0 4.54932 1.62025 1.63808 2.30116 2.82569 2.28528 2.47934 1.37705 3.58474 1.33954 2.17829 1.70117 4.98472 4.8759 0.777339 1.20775 0.103706 3.51541 2.38145 4.68831 2.19067 0.165259 4.81597 4.40621 2.85422 3.11448 1.9287 2.97266 3.97028 4.38194 4.62535 1.88494 0.573541 2.58032 0.737334 1.41002 3.88293 3.40709 0.905146 3.7335 0.889391 3.29702 0.238315 2.68003 0.99188 4.16739 0.254419 4.08794 0.141828 0.81821 0.0526027 0.289765 3.75686 2.54585 4.57355 2.2301 2.02409 2.19117 3.98011 4.76004 1.77001 1.11 0.98 1.85 0.71 1.93 4.72 0.38 0.21 3.67 2.59 3.12 4.35 2.66 4.94 0.99 1 0 0 0 0 
0 4.48916 3.39435 1.58434 1.77917 2.28528 0.172187 4.79057 0.127682 4.61665 4.5498 2.33998 1.67588 0.612176 4.99302 0.739277 0.226688 1.24908 0.605166 0.661839 2.99628 4.62191 4.63276 4.72946 1.47733 3.29175 0.835504 2.53027 3.31949 2.56417 4.26644 3.04254 1.67572 0.512259 2.45267 0.210509 4.95991 1.68566 0.631013 3.42066 3.197 0.160273 3.48724 0.970878 0.453933 2.2676 3.25378 3.65005 4.40566 4.76554 0.116027 0.651386 1.57318 1.16456 4.61157 3.47307 2.60751 3.69049 0.24114 2.42007 4.17005 4.10001 0.300001 4.44 4.04 1.02 0.95 1.43 2.81 0.7 4.13 0.97 2.07 2.9 2.92 3.78 2.96 4 0 0 0 0 
0 1.89718 3.11269 0.231675 2.44301 2.47934 4.79057 0.156386 2.89186 1.61191 3.76259 2.81165 3.83377 1.53172 2.85062 0.9374 3.77535 2.8062 0.961547 0.937191 1.72751 2.61031 2.68459 2.39138 5.00052 0.957653 2.3917 2.9066 1.53284 3.71879 3.54461 1.39316 0.372702 3.60686 3.46274 4.86251 3.13745 3.78946 0.628398 4.67425 1.54208 1.49039 2.80124 1.13807 0.467634 4.24343 3.73772 1.90465 1.3949 1.47187 1.47918 2.47723 4.46843 2.39305 4.07366 4.34595 1.00535 3.76263 3.66608 4.06105 2.89013 4.19001 4.45001 2.81 0.83 0.25 2.67 3.3 2.9 0.37 2.92 2.75 1.69 2.75 0.14 2.39 4.88 1.98 2 0 0 0 
0 1.26583 1.1016 4.2614 0.352198 1.37705 0.127682 2.89186 4.24016 3.98459 0.613176 1.97001 1.02657 2.77458 4.60485 0.883551 2.20069 2.52085 0.588394 3.4378 0.35578 2.84637 0.655819 3.41509 2.19494 0.574237 0.790664 0.333804 2.33874 3.07863 2.0068 5.00334 1.71636 3.45474 1.96689 1.87985 0.127338 3.76751 3.44498 2.01479 2.9209 0.905478 4.09084 4.92115 4.78779 0.131424 3.49012 0.416852 1.52837 4.64345 2.00951 1.36876 4.22479 0.859625 3.87413 2.297 1.98945 1.03078 0.699973 2.42027 2.67043 3.97008 4.67001 4.43001 4.13 4.6 4.04 1.82 3 3.85 0.42 1.08 1.63 2.14 0.47 2.58 3.7 1.94 0.99 1 0 0 
0 2.14999 0.811145 0.923948 1.50488 3.58474 4.61665 1.61191 3.98459 4.65009 4.00547 1.56145 1.25049 3.31432 3.43115 1.21141 0.157009 4.22794 0.177979 0.286079 2.32731 3.62962 4.66752 0.135647 0.846579 2.12201 1.78053 2.58481 3.83502 3.78187 2.40253 4.04453 4.35028 4.43356 3.97193 2.53736 2.80743 4.26287 0.176741 3.57686 3.31504 2.03123 2.49628 3.01135 3.96231 0.786624 3.12628 0.865538 2.59765 0.432038 2.42443 0.423922 2.56185 3.09715 3.29664 3.07028 3.35164 1.69011 0.747152 1.63109 2.19034 0.380029 4.99002 0.810008 1.71 1.11 2.96 0.05 4.65 3.97 4.17 4.68 0.2 1.39 0.8 4.09 0.36 4.87 3.98 2 0 0 
0 0.502725 4.78196 0.468598 0.602745 1.33954 4.5498 3.76259 0.613176 4.00547 0.586973 1.05058 4.83937 1.32376 3.85905 2.52256 0.484931 0.745298 0.199764 4.30508 1.16525 2.11088 3.33738 0.785194 3.21052 0.967708 3.05406 2.40664 4.86441 4.15288 1.53371 3.47285 1.29479 0.565317 3.21181 3.19519 2.89015 1.12816 1.71744 4.46811 4.52015 3.17228 0.529978 4.97767 1.11424 0.461804 2.16186 4.33779 3.15934 3.16621 1.52939 2.30105 3.73417 2.60189 3.42311 0.0883588 3.9202 0.115193 4.59821 1.76606 2.51056 3.07028 1.65003 3.93001 0.410002 0.98 0.0100001 2.98 1.91 1.22 2.31 0.44 4.09 4.92 4 0.63 4.81 1.74 2.95 5 0 0 
0 2.14394 3.58087 3.7896 3.83027 2.17829 2.33998 2.81165 1.97001 1.56145 1.05058 0.126261 0.946119 2.30904 2.53819 4.20484 3.75152 1.40461 0.110029 3.9405 2.57395 1.61226 4.89765 2.65779 1.31355 2.04358 4.37099 3.48522 2.09212 2.51433 4.43724 4.16731 0.163743 0.7317 0.681691 0.463826 1.98489 0.705379 1.78303 1.0651 3.42636 1.33383 1.20422 3.72236 2.46774 2.22974 3.09664 0.589483 0.972422 4.73199 2.99704 4.45928 4.03169 0.320952 0.292202 0.529726 4.27515 2.46814 3.81318 1.76983 4.38075 4.13003 3.51008 0.260007 1.05 0.550001 4.23 0.35 2.66 2.49 1.05 4.88 1.94 3.73 2.23 5 1.97 3.55 4.91 3.99 1 0 
0 1.87336 0.128709 2.89384 3.36573 1.70117 1.67588 3.83377 1.02657 1.25049 4.83937 0.946119 4.70314 4.41732 4.70061 1.81798 0.295983 1.85577 0.635172 4.96817 2.32923 1.47417 1.84039 4.21494 2.54197 3.51541 4.38903 0.251821 3.60348 2.72009 0.460416 4.35165 1.21007 2.06365 1.74089 4.7487 1.80295 3.39324 4.04862 2.56053 2.19478 4.02927 2.49725 0.420473 2.31673 3.00287 2.32592 1.24374 2.0064 3.94425 0.866468 3.5055 0.793893 1.60072 0.190019 1.72265 1.43318 1.24451 0.389037 3.53737 4.20095 2.14058 3.54005 3.82003 4.56 3.95 0.0800001 2.89 2.99 4.93 3.9 0.11 2.71 2.02 4.38 3.11 3.83 1.28 0.84 1.97 3 0 
0 4.88822 0.230471 1.6791 2.7191 4.98472 0.612176 1.53172 2.77458 3.31432 1.32376 2.30904 4.41732 4.75274 0.272753 2.83336 3.9405 0.279754 3.15429 0.467273 3.01786 2.96177 2.41926 1.09751 0.357888 2.84365 4.84266 1.58168 2.43619 4.09139 1.19557 4.94264 4.73119 4.51363 4.00478 2.08546 2.81745 0.00387574 0.762733 4.85 0.152266 4.11967 0.455868 4.15929 2.97635 3.22315 4.46444 4.37789 3.82087 4.07169 4.3343 0.918215 3.54931 0.0591441 1.19236 4.37633 4.6421 1.86655 2.21284 4.35626 0.661118 2.53029 2.69008 4.64001 1.35001 1.25 1.86 4.99 1.87 3.37 1.12 3.83 2.08 1.16 0.28 1.12 0.4 0.94 1.76 1.95 5 0 
0 0.643395 0.511385 2.06182 3.46286 4.8759 4.99302 2.85062 4.60485 3.43115 3.85905 2.53819 4.70061 0.272753 1.89286 0.404887 3.11988 4.55965 3.0924 4.65793 0.29082 4.32402 3.26304 2.10399 0.226506 4.0121 0.750919 2.42474 3.81383 0.410016 2.27138 0.547068 3.48448 2.55899 2.4749 1.46501 4.2193 4.57605 2.40936 1.44275 3.50496 0.886931 4.51705 3.03782 3.41834 0.0447068 0.840584 2.93628 4.53625 1.13453 2.20052 2.36833 0.705804 4.64085 4.18023 0.879551 4.68883 3.49663 2.47672 4.76023 1.03283 2.51051 4.54016 1.59 1.36001 3.28 0.890001 1.68 4.12 3.69 2.27 4.33 1.17 0.63 0.81 0.44 4.79 0.55 3.67 2.93 1.99 1 
0 3.77532 4.83862 2.18221 3.28203 0.777339 0.739277 0.9374 0.883551 1.21141 2.52256 4.20484 1.81798 2.83336 0.404887 0.655573 4.22449 0.217629 0.368523 2.95938 1.67284 1.4441 3.68859 2.16034 1.45593 1.63525 1.79604 0.552157 3.77738 0.0762691 3.09229 1.07581 2.5981 2.31496 3.10054 1.872 3.01019 3.52884 2.49048 0.0102515 0.533452 1.00479 1.57277 2.74271 0.475802 0.924198 4.11209 1.85051 4.5311 4.55709 2.33146 2.62255 1.93931 0.0888176 1.58958 1.08962 0.551396 2.11861 0.808749 2.61516 1.73322 4.30994 4.59009 1.10002 4.25001 2.19 2.61 0.31 3.59 4.16 3.6 1.91 1.37 4.79 4.61 1.68 0.11 2.14 3.57 4.91 4.99 1 
0 3.60396 0.78466 3.13939 4.96329 1.20775 0.226688 3.77535 2.20069 0.157009 0.484931 3.75152 0.295983 3.9405 3.11988 4.22449 1.74385 4.23879 5.00259 2.46187 3.63912 1.43417 4.47793 0.948711 2.49745 4.65926 4.26526 3.5413 1.91098 0.64009 4.83816 1.55745 3.96604 4.66227 4.74604 1.25819 1.77163 4.56348 1.11516 2.00974 3.22634 1.94047 1.57871 2.07266 2.99861 1.7105 4.30558 0.654039 1.5363 3.56543 4.36584 1.87893 2.05023 0.654427 3.6727 3.31155 3.31029 4.14645 4.50785 3.2004 1.20304 3.61994 4.60008 1.01002 2.45001 3.62 3.96 3.4 0.74 4.32 0.88 3 4.95 2.72 2.6 2.54 0.55 3.75 2.47 1.88 2.98 2 
0 4.84948 3.36351 0.683675 0.521359 0.103706 1.24908 2.8062 2.52085 4.22794 0.745298 1.40461 1.85577 0.279754 4.55965 0.217629 4.23879 1.79679 4.85269 2.17181 0.653476 3.26647 3.70927 1.82159 3.27641 3.9554 3.25982 2.68822 1.62644 2.54897 1.7902 0.0147999 1.07442 4.93547 4.49246 4.52802 2.16659 1.70101 4.85536 0.677745 3.95942 1.09071 0.29979 0.972055 1.38045 3.84447 3.24936 0.958592 3.00522 2.78178 4.21505 0.239835 1.35481 0.6628 4.78168 1.97892 3.70481 4.93244 2.1801 1.16642 1.29314 0.300494 0.770084 3.06002 4.45001 3.74 2.87 1.27 4.82 4.03 2.72 1.29 1.2 2.89 3.47 4.7 4.28 4.42 0.38 3.86 0.97 3 
0 1.65518 3.13567 0.87291 0.465594 3.51541 0.605166 0.961547 0.588394 0.177979 0.199764 0.110029 0.635172 3.15429 3.0924 0.368523 5.00259 4.85269 2.37623 0.0794914 1.15892 3.46705 1.53139 0.550762 3.57147 0.292091 0.474294 0.535013 1.284 3.35594 2.27052 4.47788 1.19037 2.22904 0.876268 0.182866 2.16577 1.30882 2.75618 2.59129 2.44263 2.67347 1.88767 2.95534 3.78786 2.9697 3.76728 0.00982677 2.5063 2.18915 4.79237 4.84193 4.03227 0.218377 0.559744 0.83982 2.47676 2.21981 0.468322 2.29768 2.17123 3.99027 1.96005 4.34 1.69001 1.47 4.27 0.66 4.08 3.19 3.12 2.17 1.03 4.16 4.12 0.66 4.42 3.18 3.32 1.84 3.97 3 
0 0.145838 4.20319 2.06126 3.0631 2.38145 0.661839 0.937191 3.4378 0.286079 4.30508 3.9405 4.96817 0.467273 4.65793 2.95938 2.46187 2.17181 0.0794914 2.15953 1.95684 4.18889 2.52402 4.97761 4.38075 4.86971 1.31307 2.60244 3.97949 0.120472 3.90607 1.27972 0.757022 0.605645 4.73719 2.08747 1.27638 2.07637 1.24002 0.583185 4.17861 3.02674 2.25118 4.13239 2.82411 2.84845 3.91676 3.22563 3.68608 3.79965 3.33115 0.149798 2.3739 4.09455 1.61248 0.389924 0.350728 2.08544 2.05957 2.71524 3.61055 0.290605 2.36004 4.90001 1.32001 1.66 2.41 4.6 3.91 4.1 2.53 3.61 0.6 1.72 1.36 4.71 0.05 4.06 1.28 2.83 4.97 3 
0 2.55166 4.50412 1.30136 0.341031 4.68831 2.99628 1.72751 0.35578 2.32731 1.16525 2.57395 2.32923 3.01786 0.29082 1.67284 3.63912 0.653476 1.15892 1.95684 0.57097 1.84597 0.949062 4.02797 4.31499 3.09987 2.55222 3.62004 2.80276 1.61693 1.39542 0.190425 2.43226 3.21586 4.39984 1.78065 0.775127 1.61535 3.45567 3.23032 0.532368 1.487 3.43617 3.81504 3.26003 2.61737 2.65335 3.84785 3.41683 2.18404 0.169613 0.965218 0.188371 3.03298 2.52657 1.08228 2.51642 3.15684 1.00253 2.08263 0.591094 0.610233 0.00010405 3.68003 4.32001 0.22 4.37 0.75 2.32 0.21 2.69 3.5 0.55 0.15 0.88 3.82 1.2 1.06 0.27 4.83 4.97 3 
0 4.88253 1.88372 0.872208 2.78335 2.19067 4.62191 2.61031 2.84637 3.62962 2.11088 1.61226 1.47417 2.96177 4.32402 1.4441 1.43417 3.26647 3.46705 4.18889 1.84597 1.61314 2.94045 1.02587 3.45811 3.62972 4.28926 4.96731 4.33905 4.20877 0.221982 3.44769 1.5221 4.98814 1.03711 1.00081 3.40314 4.51468 1.63723 2.46151 2.50481 0.453278 4.07608 0.973754 0.43 4.18917 4.46517 1.91473 2.99556 2.19983 3.73841 3.88281 1.56087 3.0162 3.43819 0.697594 4.10161 4.47125 2.02313 0.0337583 3.83065 1.85016 1.38008 3.58001 2.3 0.670001 1.06 1.85 4.51 2.31 2.22 4.2 2.74 4.36 1.4 3.74 4.82 4.19 3.3 1.83 4.97 3 
0 1.06208 3.22395 2.99156 4.15158 0.165259 4.63276 2.68459 0.655819 4.66752 3.33738 4.89765 1.84039 2.41926 3.26304 3.68859 4.47793 3.70927 1.53139 2.52402 0.949062 2.94045 3.34399 0.0630916 4.53713 1.73163 1.33009 4.33797 1.42466 3.80594 1.24013 3.88999 2.58969 0.992978 3.23609 0.286409 0.849632 0.555755 3.48433 0.500155 0.0587758 0.0273959 2.54691 1.90236 3.84229 2.99459 1.23233 2.87935 4.67121 2.62145 2.67216 2.74307 2.25615 1.73587 2.78172 2.00048 0.117204 2.93999 0.46424 0.689844 1.13113 2.67032 2.07003 1.88001 3.23001 2.32 3.09 1.5 2.94 0.13 0.63 4.58 3.78 4.05 4.01 0.03 4.8 3.41 3.35 1.84 3.97 3 
0 0.292376 1.1972 0.434355 1.49921 4.81597 4.72946 2.39138 3.41509 0.135647 0.785194 2.65779 4.21494 1.09751 2.10399 2.16034 0.948711 1.82159 0.550762 4.97761 4.02797 1.02587 0.0630916 0.842541 1.02294 3.5188 0.618717 1.4589 0.972413 2.91174 3.82762 1.88532 4.68165 3.96386 1.0972 1.08137 3.05602 3.92465 1.0157 4.3394 4.14107 1.42328 0.865682 4.30779 1.34859 2.80382 2.19465 4.77742 0.899697 1.96596 2.32143 4.88922 0.260403 3.78518 4.90105 0.0930085 0.34422 0.745414 2.91964 0.433145 0.810326 3.64004 4.29006 2.64001 3.83 0.700001 2.49 3.89 3.31 4.34 0.72 2.26 4.59 3.37 2.55 2.19 2.02 4.7 4.42 3.86 1.97 3 
0 4.72152 3.26499 3.23003 4.71232 4.40621 1.47733 5.00052 2.19494 0.846579 3.21052 1.31355 2.54197 0.357888 0.226506 1.45593 2.49745 3.27641 3.57147 4.38075 4.31499 3.45811 4.53713 1.02294 2.91863 1.68653 4.55653 1.75419 1.0319 1.48378 0.755836 3.1188 3.64003 3.18791 4.19488 4.2734 4.22607 3.42186 3.33057 4.60418 2.46597 3.62237 1.77204 2.16746 3.14037 3.15588 3.60686 0.319954 1.23711 1.60958 4.41704 2.8391 2.18703 0.232306 2.85812 0.651591 3.74432 4.04229 0.565126 0.420464 3.00059 0.220084 3.45 1.51001 4.25 0.28 1.05 4.58 4.55 4.16 3.43 4.01 4.57 4.25 2.99 2.7 0.36 2.02 0.49 4.88 4.98 2 
0 0.609335 2.36978 1.01632 1.82952 2.85422 3.29175 0.957653 0.574237 2.12201 0.967708 2.04358 3.51541 2.84365 4.0121 1.63525 4.65926 3.9554 0.292091 4.86971 3.09987 3.62972 1.73163 3.5188 1.68653 1.28217 0.541378 4.55201 0.405375 3.15998 3.49385 4.96144 4.85082 0.852022 4.19897 3.61559 3.8293 0.402564 3.83154 3.96061 4.4865 2.58959 3.61451 1.12817 0.667171 4.31216 1.91615 3.19286 3.215 4.18653 0.011705 0.799061 2.19956 3.61059 4.98362 0.0250406 1.05739 4.0944 2.10166 1.07057 3.54998 3.67012 4.73003 3.26001 4.75 4.01 2.57 2.59 1.59 4.72 5.58899e-10 0.19 3.72 2.28 2.64 2.12 0.71 0.35 0.57 4.9 1.98 2 
0 3.13001 0.369091 0.502147 3.95002 3.11448 0.835504 2.3917 0.790664 1.78053 3.05406 4.37099 4.38903 4.84266 0.750919 1.79604 4.26526 3.25982 0.474294 1.31307 2.55222 4.28926 1.33009 0.618717 4.55653 0.541378 2.37182 2.99978 3.72223 3.55511 0.515499 1.90657 4.62821 0.134805 4.77291 3.32052 1.76256 4.72881 3.90521 0.146304 2.73226 3.53668 4.28796 2.63225 0.72671 0.493242 3.22911 0.538407 3.11492 4.29059 0.177599 3.44155 1.10037 3.09324 1.61808 3.98086 1.43799 2.70653 1.92294 0.880556 1.59012 4.20005 3.19001 0.460006 0.120001 3.27 1.62 3.17 2.61 4.4 2.33 1.98 3.71 2.13 2.3 4.13 0.98 0.67 0.65 4.92 4.99 1 
0 3.72176 4.2723 2.61187 1.18216 1.9287 2.53027 2.9066 0.333804 2.58481 2.40664 3.48522 0.251821 1.58168 2.42474 0.552157 3.5413 2.68822 0.535013 2.60244 3.62004 4.96731 4.33797 1.4589 1.75419 4.55201 2.99978 1.03621 1.28974 1.11619 3.39502 3.89654 0.308507 4.08077 1.4721 1.85829 4.97098 2.63592 2.22992 4.20374 3.59369 0.890389 4.67907 4.6298 0.892167 0.402773 4.6544 2.8718 4.6506 1.67994 1.27825 1.99723 4.73914 0.288837 1.08175 1.32007 4.50989 3.05485 0.420662 2.91007 1.98007 1.31002 1.09001 1.17 1.8 2.04 1.49 3.29 2.79 4.29 3.71 1.3 3.27 1.48 3.27 0.51 2.11 0.96 3.73 4.94 1.99 1 
0 2.84436 2.49499 3.79012 0.0241875 2.97266 3.31949 1.53284 2.33874 3.83502 4.86441 2.09212 3.60348 2.43619 3.81383 3.77738 1.91098 1.62644 1.284 3.97949 2.80276 4.33905 1.42466 0.972413 1.0319 0.405375 3.72223 1.28974 1.5999 3.2664 0.798195 1.536 3.98734 3.04623 2.13509 1.24976 3.09022 1.94144 0.973095 1.44761 0.62294 1.68449 4.54409 3.79421 2.93514 2.34694 0.672118 0.403438 2.32567 4.81101 1.14968 0.425445 4.26456 1.33075 4.59125 2.07795 1.20405 4.00018 0.350521 2.95013 1.57012 0.750034 1.83001 1.86 2.27 2.21 3.25 1.24 3.04 4.91 0.62 1.43 0.6 1.71 2.28 0.18 3.07 1.21 0.79 1.95 0.99 1 
0 1.1772 2.14966 0.583613 3.22774 3.97028 2.56417 3.71879 3.07863 3.78187 4.15288 2.51433 2.72009 4.09139 0.410016 0.0762691 0.64009 2.54897 3.35594 0.120472 1.61693 4.20877 3.80594 2.91174 1.48378 3.15998 3.55511 1.11619 3.2664 4.73283 4.1932 3.57746 2.97696 3.00305 3.68001 0.252089 0.377099 3.38748 3.18341 3.04773 4.07099 1.38382 2.49478 4.3432 0.6892 4.04623 3.19076 4.69003 2.14133 3.78913 0.286427 3.59546 0.908756 2.90298 3.91685 1.31134 4.99355 4.54124 2.02996 2.16008 0.0300293 1.3 1.11001 2.85 1.04 2.71 3.49 4.3 0.18 0.66 3.07 2.59 2.39 1.43 0.4 4.14 1.85 3.42 3.85 4.97 4 0 
0 0.640791 2.65249 3.49378 4.69005 4.38194 4.26644 3.54461 2.0068 2.40253 1.53371 4.43724 0.460416 1.19557 2.27138 3.09229 4.83816 1.7902 2.27052 3.90607 1.39542 0.221982 1.24013 3.82762 0.755836 3.49385 0.515499 3.39502 0.798195 4.1932 3.04295 0.368509 1.21192 1.83066 1.641 3.64679 2.90474 0.142147 0.0658092 2.46911 0.94107 1.68717 2.47875 4.39109 4.87468 4.4493 0.872661 2.19568 2.00037 1.96974 3.95974 0.746888 2.81674 4.53394 1.73008 3.83512 0.853827 4.92061 0.310171 1.06008 1.79 2.92001 4.26 0.080001 1.9 1.46 4.53 0.1 2.75 3.95 2.69 2.29 4.86 4.01 3.93 2.43 0.46 1.58 1.89 3.98 2 0 
0 1.48893 1.14199 2.6698 0.593884 4.62535 3.04254 1.39316 5.00334 4.04453 3.47285 4.16731 4.35165 4.94264 0.547068 1.07581 1.55745 0.0147999 4.47788 1.27972 0.190425 3.44769 3.88999 1.88532 3.1188 4.96144 1.90657 3.89654 1.536 3.57746 0.368509 4.35509 0.835391 2.80414 2.65541 4.2009 4.63438 4.70202 0.319779 1.04075 2.0242 2.65022 3.06305 0.171718 2.17655 4.51409 2.48748 0.948842 3.8674 3.84083 0.186348 1.66655 4.68311 3.70515 0.50993 0.0555426 4.97294 2.59036 1.58014 0.380027 1.83001 2.08 4.57 4.19 0.24 1.46 3.82 2.5 1.87 0.27 4.67 0.41 0.2 0.14 4.25 3.15 2.93 3.71 4.93 3.99 1 0 
0 0.124531 1.1641 2.87747 4.82046 1.88494 1.67572 0.372702 1.71636 4.35028 1.29479 0.163743 1.21007 4.73119 3.48448 2.5981 3.96604 1.07442 1.19037 0.757022 2.43226 1.5221 2.58969 4.68165 3.64003 4.85082 4.62821 0.308507 3.98734 2.97696 1.21192 0.835391 2.61964 3.33461 1.69628 3.51908 0.707287 0.702089 4.09056 3.61362 4.55426 0.997947 4.33738 4.65707 2.44859 3.9503 0.471923 1.81267 2.78126 1.04227 2.51493 0.298232 4.86236 3.79673 0.579916 2.61384 1.1508 3.42022 0.290061 4.16002 2.44001 3.72 4.37 4.72 2.82 3.06 2.54 1 0.07 0.37 1.76 2.23 3.52 1.6 0.79 3.4 1.27 1.8 1.95 0.99 1 0 
0 4.76394 3.33871 1.90433 1.30078 0.573541 0.512259 3.60686 3.45474 4.43356 0.565317 0.7317 2.06365 4.51363 2.55899 2.31496 4.66227 4.93547 2.22904 0.605645 3.21586 4.98814 0.992978 3.96386 3.18791 0.852022 0.134805 4.08077 3.04623 3.00305 1.83066 2.80414 3.33461 0.566641 3.79471 2.88423 3.95476 4.89475 0.632993 2.12536 4.96417 1.47306 3.22518 2.93412 4.87695 3.19775 4.81594 2.51934 0.981642 4.80801 4.10675 3.99375 0.270062 0.674579 3.84595 2.13093 4.98061 3.49009 3.47005 0.270013 0.960003 1.06 4.63 1.73 2.11 4.09 2.31 0.52 0.91 3.79 4.25 0.2 0.09 4.99 0.97 1.28 4.52 2.87 2.97 4 0 0 
0 1.5009 3.78717 1.54339 3.32962 2.58032 2.45267 3.46274 1.96689 3.97193 3.21181 0.681691 1.74089 4.00478 2.4749 3.10054 4.74604 4.49246 0.876268 4.73719 4.39984 1.03711 3.23609 1.0972 4.19488 4.19897 4.77291 1.4721 2.13509 3.68001 1.641 2.65541 1.69628 3.79471 1.00279 3.3349 1.94898 0.892115 2.6584 4.35056 3.17744 2.29686 0.106414 3.77444 4.0679 2.63502 3.14838 0.723116 3.94197 3.27213 1.4721 4.85208 2.86291 3.07722 0.659676 4.29058 0.120184 3.35004 4.51002 1.26001 4.93 3.12 2.03 0.29 0.58 3.3 2.04 2.91 1.98 2.78 2.88 0.13 2.14 3.66 3.14 1.89 3.69 3.92 0.98 2 0 0 
0 1.50796 4.19689 4.72395 4.10937 0.737334 0.210509 4.86251 1.87985 2.53736 3.19519 0.463826 4.7487 2.08546 1.46501 1.872 1.25819 4.52802 0.182866 2.08747 1.78065 1.00081 0.286409 1.08137 4.2734 3.61559 3.32052 1.85829 1.24976 0.252089 3.64679 4.2009 3.51908 2.88423 3.3349 4.9608 4.72819 0.224849 3.81816 2.58567 1.2957 3.62213 3.02444 4.53533 3.08433 0.0393629 3.79459 0.805948 2.53186 4.30957 0.316165 0.291472 4.3471 3.65265 3.63059 2.46052 3.57012 0.220033 3.09001 1.57 4.03 1.87 0.29 3.96 3.91 0.39 0.46 0.54 2.55 3.04 0.03 3.23 4.74 1.7 3.58 2.3 0.8 2.95 1.99 1 0 0 
0 4.09455 0.367633 2.27563 4.18778 1.41002 4.95991 3.13745 0.127338 2.80743 2.89015 1.98489 1.80295 2.81745 4.2193 3.01019 1.77163 2.16659 2.16577 1.27638 0.775127 3.40314 0.849632 3.05602 4.22607 3.8293 1.76256 4.97098 3.09022 0.377099 2.90474 4.63438 0.707287 3.95476 1.94898 4.72819 4.86674 1.83885 2.43227 0.5266 0.848139 0.166798 3.88636 3.42344 1.66989 0.87859 4.94567 4.98908 4.37141 1.63517 1.04078 1.17021 3.33954 4.58158 3.45063 2.89014 0.550103 2.91 2.60001 4.5 3.06 3.08 4.61 3.23 4.26 0.71 3.22 3.42 2.01 3.29 1.45 4.66 2.92 2.94 1.51 3.57 2.88 1.97 4 0 0 0 
0 0.521383 3.37841 3.18513 0.191537 3.88293 1.68566 3.78946 3.76751 4.26287 1.12816 0.705379 3.39324 0.00387574 4.57605 3.52884 4.56348 1.70101 1.30882 2.07637 1.61535 4.51468 0.555755 3.92465 3.42186 0.402564 4.72881 2.63592 1.94144 3.38748 0.142147 4.70202 0.702089 4.89475 0.892115 0.224849 1.83885 4.66953 4.4529 0.333367 0.845825 1.0031 2.48347 1.22919 0.142823 3.30034 4.22563 4.53622 1.15656 3.07723 2.53342 1.96416 1.38378 0.400523 3.33058 4.54009 1.41001 3.78 1.07 0.140001 3.46 0.24 4 1.44 1.26 0.33 3.93 0.51 0.31 2.86 2.49 1.3 2.87 0.97 1.1 2.74 2.93 4.99 1 0 0 0 
0 2.7251 4.73742 4.79362 4.94399 3.40709 0.631013 0.628398 3.44498 0.176741 1.71744 1.78303 4.04862 0.762733 2.40936 2.49048 1.11516 4.85536 2.75618 1.24002 3.45567 1.63723 3.48433 1.0157 3.33057 3.83154 3.90521 2.22992 0.973095 3.18341 0.0658092 0.319779 4.09056 0.632993 2.6584 3.81816 2.43227 4.4529 0.158596 4.93038 0.441955 4.53598 3.45019 4.25612 3.69095 1.57179 2.21913 2.12989 4.32996 1.37789 3.19289 2.28314 4.08098 0.950273 4.2401 2.61006 2.01003 4.30001 4.74 2.51 2.58 3.64 0.46 0.11 1.86583e-09 0.51 4.48 3.16 3.25 1.04 3.24 1.55 2.1 1.22 2.47 3.85 1.96 5 0 0 0 0 
0 1.48623 0.615122 1.04665 0.909602 0.905146 3.42066 4.67425 2.01479 3.57686 4.46811 1.0651 2.56053 4.85 1.44275 0.0102515 2.00974 0.677745 2.59129 0.583185 3.23032 2.46151 0.500155 4.3394 4.60418 3.96061 0.146304 4.20374 1.44761 3.04773 2.46911 1.04075 3.61362 2.12536 4.35056 2.58567 0.5266 0.333367 4.93038 0.951512 3.49986 0.732975 0.502448 1.09569 3.13034 4.05103 1.68105 0.908652 2.18848 0.220342 1.68706 3.84341 1.30117 0.480155 1.49005 0.930018 3.75001 2.6 1.51 0.760001 3.32 0.63 4.08 2.61 4.92 2.81 3.43 1.3 2.86 4.22 3.17 1.97 4.63 3.98 4.7 4.92 1.98 2 0 0 0 0 
0 0.042176 1.86445 2.1959 2.15233 3.7335 3.197 1.54208 2.9209 3.31504 4.52015 3.42636 2.19478 0.152266 3.50496 0.533452 3.22634 3.95942 2.44263 4.17861 0.532368 2.50481 0.0587758 4.14107 2.46597 4.4865 2.73226 3.59369 0.62294 4.07099 0.94107 2.0242 4.55426 4.96417 3.17744 1.2957 0.848139 0.845825 0.441955 3.49986 2.49127 4.18035 4.39551 4.37314 3.58759 2.78802 0.0869058 2.0215 0.752271 2.70659 2.4297 2.70041 2.31039 3.95016 3.83001 4.80001 2.19 0.200001 0.280001 1.68 4.82 1.86 2.53 2.09 3.66 3.71 2.66 4.68 4.12 2.6 3.2 1.85 0.1 1.42 2.83 4.96 0.99 1 0 0 0 0 
0 0.0730133 0.9718 2.37853 4.08935 0.889391 0.160273 1.49039 0.905478 2.03123 3.17228 1.33383 4.02927 4.11967 0.886931 1.00479 1.94047 1.09071 2.67347 3.02674 1.487 0.453278 0.0273959 1.42328 3.62237 2.58959 3.53668 0.890389 1.68449 1.38382 1.68717 2.65022 0.997947 1.47306 2.29686 3.62213 0.166798 1.0031 4.53598 0.732975 4.18035 1.55189 4.31089 3.3986 3.59477 4.39395 4.68421 2.61654 2.8473 2.1538 1.62073 3.32027 2.33009 0.490053 2.07003 3.51001 0.880001 4.08 4.24 2.85 3.29 3.08 4.19 2.08 4.13 4.32 2.11 2.84 1.21 4.84 0.23 3.63 0.95 2.68 3.91 2.98 3 0 0 0 0 0 
0 0.301465 2.7179 4.8279 1.92707 3.29702 3.48724 2.80124 4.09084 2.49628 0.529978 1.20422 2.49725 0.455868 4.51705 1.57277 1.57871 0.29979 1.88767 2.25118 3.43617 4.07608 2.54691 0.865682 1.77204 3.61451 4.28796 4.67907 4.54409 2.49478 2.47875 3.06305 4.33738 3.22518 0.106414 3.02444 3.88636 2.48347 3.45019 0.502448 4.39551 4.31089 4.7877 1.93028 0.851908 3.85704 2.59884 2.01793 2.81631 3.06092 0.920357 3.85029 3.2601 4.41002 1.20001 4.82 2.47 2.4 4.08 0.7 3.43 2.2 4.17 0.65 4.98 2.61 3.64 0.85 2.33 4.88 3.24 1.18 1.43 3.83 0.95 1.99 1 0 0 0 0 0 
0 3.48433 2.00971 3.52066 3.45546 0.238315 0.970878 1.13807 4.92115 3.01135 4.97767 3.72236 0.420473 4.15929 3.03782 2.74271 2.07266 0.972055 2.95534 4.13239 3.81504 0.973754 1.90236 4.30779 2.16746 1.12817 2.63225 4.6298 3.79421 4.3432 4.39109 0.171718 4.65707 2.93412 3.77444 4.53533 3.42344 1.22919 4.25612 1.09569 4.37314 3.3986 1.93028 4.08304 4.55563 3.01783 2.44713 3.86265 4.07102 0.74057 3.58014 4.96005 2.98002 2.85 3.19001 0.920001 2.53 4.39 1.92 0.57 3.14 4.05 3.01 3.46 2.59 2.53 1.19 0.59 3.65 2.53 4.97 4.04 2.7 1.91 3.98 3 0 0 0 0 0 0 
0 1.96203 2.5544 1.31852 3.26502 2.68003 0.453933 0.467634 4.78779 3.96231 1.11424 2.46774 2.31673 2.97635 3.41834 0.475802 2.99861 1.38045 3.78786 2.82411 3.26003 0.43 3.84229 1.34859 3.14037 0.667171 0.72671 0.892167 2.93514 0.6892 4.87468 2.17655 2.44859 4.87695 4.0679 3.08433 1.66989 0.142823 3.69095 3.13034 3.58759 3.59477 0.851908 4.55563 0.480358 1.90797 0.822851 0.0209188 1.57095 1.18998 2.48004 3.30004 2.49 2.72 3.74 0.0200006 4.62 0.12 1.56 1.65 0.01 1.33 0.56 4.28 4.09 4.57 0.23 2.26 4.02 0.12 4.43 2.5 4.85 3.96 0.99 1 0 0 0 0 0 0 
0 3.52505 3.36619 3.66264 0.937391 0.99188 2.2676 4.24343 0.131424 0.786624 0.461804 2.22974 3.00287 3.22315 0.0447068 0.924198 1.7105 3.84447 2.9697 2.84845 2.61737 4.18917 2.99459 2.80382 3.15588 4.31216 0.493242 0.402773 2.34694 4.04623 4.4493 4.51409 3.9503 3.19775 2.63502 0.0393629 0.87859 3.30034 1.57179 4.05103 2.78802 4.39395 3.85704 3.01783 1.90797 2.6631 0.841322 0.401175 4.03003 2.4201 0.560005 4.00001 1.21001 3.16 4.67 3.02 4.25 1.11 3.45 1.06 2.54 2.58936e-10 2.84 2.62 0.36 2 3.39 2.18 2.46 4.53 3.2 4.75 4.93 0.98 3 0 0 0 0 0 0 0 
0 0.923332 1.81667 2.73604 4.6601 4.16739 3.25378 3.73772 3.49012 3.12628 2.16186 3.09664 2.32592 4.46444 0.840584 4.11209 4.30558 3.24936 3.76728 3.91676 2.65335 4.46517 1.23233 2.19465 3.60686 1.91615 3.22911 4.6544 0.672118 3.19076 0.872661 2.48748 0.471923 4.81594 3.14838 3.79459 4.94567 4.22563 2.21913 1.68105 0.0869058 4.68421 2.59884 2.44713 0.822851 0.841322 3.66063 4.41018 4.72007 4.73003 4.89001 3.91001 1.64688e-06 3.16 1.42 4.97 0.87 2.9 1.7 3.62 1.67 1.2 2.36 4.91 1.44 1.89 3.53 2.77 3.26 4.77 2.6 4.88 3.97 5 0 0 0 0 0 0 0 0 
0 4.61723 2.07872 4.92622 3.3396 0.254419 3.65005 1.90465 0.416852 0.865538 4.33779 0.589483 1.24374 4.37789 2.93628 1.85051 0.654039 0.958592 0.00982677 3.22563 3.84785 1.91473 2.87935 4.77742 0.319954 3.19286 0.538407 2.8718 0.403438 4.69003 2.19568 0.948842 1.81267 2.51934 0.723116 0.805948 4.98908 4.53622 2.12989 0.908652 2.0215 2.61654 2.01793 3.86265 0.0209188 0.401175 4.41018 4.30007 0.58003 4.12001 3.03001 3.66 8.03607e-07 2.57 4.57 2.15 2.79 3.87 4.26 4.56 4.66 3.74 1.52 2.69 4.11 2.7 0.88 4.55 2.17 0.39 0.8 1.94 3.99 1 0 0 0 0 0 0 0 0 
0 1.62754 2.58816 2.57277 2.45328 4.08794 4.40566 1.3949 1.52837 2.59765 3.15934 0.972422 2.0064 3.82087 4.53625 4.5311 1.5363 3.00522 2.5063 3.68608 3.41683 2.99556 4.67121 0.899697 1.23711 3.215 3.11492 4.6506 2.32567 2.14133 2.00037 3.8674 2.78126 0.981642 3.94197 2.53186 4.37141 1.15656 4.32996 2.18848 0.752271 2.8473 2.81631 4.07102 1.57095 4.03003 4.72007 0.58003 0.390013 2.24001 4.34 4.18 0.84 3.98 2.81 1.73 4.93 3.44 3.58 3.59 2.43 2.42 4.25 1.16 3.59 3.71 3.34 3.39 3.12 3.71 3.91 4.98 3 0 0 0 0 0 0 0 0 0 
0 0.528868 3.55831 4.48947 1.46604 0.141828 4.76554 1.47187 4.64345 0.432038 3.16621 4.73199 3.94425 4.07169 1.13453 4.55709 3.56543 2.78178 2.18915 3.79965 2.18404 2.19983 2.62145 1.96596 1.60958 4.18653 4.29059 1.67994 4.81101 3.78913 1.96974 3.84083 1.04227 4.80801 3.27213 4.30957 1.63517 3.07723 1.37789 0.220342 2.70659 2.1538 3.06092 0.74057 1.18998 2.4201 4.73003 4.12001 2.24001 0.86 4.77 1.27 3.56 1.39 1.82 2.83 3.01 4.25 1.79 4.78 0.77 1.58 3.25 4.46 0.27 1.62 0.4 4.77 0.58 0.86 2.96 0.99 1 0 0 0 0 0 0 0 0 0 
0 0.197073 3.72444 3.06609 1.83341 0.81821 0.116027 1.47918 2.00951 2.42443 1.52939 2.99704 0.866468 4.3343 2.20052 2.33146 4.36584 4.21505 4.79237 3.33115 0.169613 3.73841 2.67216 2.32143 4.41704 0.011705 0.177599 1.27825 1.14968 0.286427 3.95974 0.186348 2.51493 4.10675 1.4721 0.316165 1.04078 2.53342 3.19289 1.68706 2.4297 1.62073 0.920357 3.58014 2.48004 0.560005 4.89001 3.03001 4.34 4.77 2.4 4.79 1.23 3.44 0.89 0.35 0.99 2.08 0.36 2.52 1.3 4.78 0.02 3.78 1.44 4.23 0.33 4.43 3.81 2.94 4.99 2 0 0 0 0 0 0 0 0 0 0 
0 0.434404 1.55341 0.0552017 4.10649 0.0526027 0.651386 2.47723 1.36876 0.423922 2.30105 4.45928 3.5055 0.918215 2.36833 2.62255 1.87893 0.239835 4.84193 0.149798 0.965218 3.88281 2.74307 4.88922 2.8391 0.799061 3.44155 1.99723 0.425445 3.59546 0.746888 1.66655 0.298232 3.99375 4.85208 0.291472 1.17021 1.96416 2.28314 3.84341 2.70041 3.32027 3.85029 4.96005 3.30004 4.00001 3.91001 3.66 4.18 1.27 4.79 3.66 4.26 3.81 1.14 2.19 3.41 0.39 2.56 4.76 2.33 3.49 1.6 4.92 2.89 0.83 3.24 2.74 4.92 3.98 3 0 0 0 0 0 0 0 0 0 0 0 
0 4.35885 3.8301 1.38269 1.90367 0.289765 1.57318 4.46843 4.22479 2.56185 3.73417 4.03169 0.793893 3.54931 0.705804 1.93931 2.05023 1.35481 4.03227 2.3739 0.188371 1.56087 2.25615 0.260403 2.18703 2.19956 1.10037 4.73914 4.26456 0.908756 2.81674 4.68311 4.86236 0.270062 2.86291 4.3471 3.33954 1.38378 4.08098 1.30117 2.31039 2.33009 3.2601 2.98002 2.49 1.21001 1.64688e-06 8.03607e-07 0.84 3.56 1.23 4.26 3.06 2.62 2.32 3.56 1.45 2.39 5 1.38 0.45 4.31 3.23 2.45 3.28 3.03 2.66 4.89 3.97 5 0 0 0 0 0 0 0 0 0 0 0 0 
0 0.460342 4.02009 4.28443 2.31912 3.75686 1.16456 2.39305 0.859625 3.09715 2.60189 0.320952 1.60072 0.0591441 4.64085 0.0888176 0.654427 0.6628 0.218377 4.09455 3.03298 3.0162 1.73587 3.78518 0.232306 3.61059 3.09324 0.288837 1.33075 2.90298 4.53394 3.70515 3.79673 0.674579 3.07722 3.65265 4.58158 0.400523 0.950273 0.480155 3.95016 0.490053 4.41002 2.85 2.72 3.16 3.16 2.57 3.98 1.39 3.44 3.81 2.62 1.98 2.04 3.46 1.65 0.22 2.77 0.78 1.58 1.63 5 1.7 0.8 1.57 1.85 0.95 2.99 1 0 0 0 0 0 0 0 0 0 0 0 0 
0 0.870504 4.13546 2.28992 3.95375 2.54585 4.61157 4.07366 3.87413 3.29664 3.42311 0.292202 0.190019 1.19236 4.18023 1.58958 3.6727 4.78168 0.559744 1.61248 2.52657 3.43819 2.78172 4.90105 2.85812 4.98362 1.61808 1.08175 4.59125 3.91685 1.73008 0.50993 0.579916 3.84595 0.659676 3.63059 3.45063 3.33058 4.2401 1.49005 3.83001 2.07003 1.20001 3.19001 3.74 4.67 1.42 4.57 2.81 1.82 0.89 1.14 2.32 2.04 3.26 2.45 0.97 1.03 4.35 4.18 1.41 0.63 3.14 4.58 1.48 4.82 2.94 0.98 3 0 0 0 0 0 0 0 0 0 0 0 0 0 
0 4.79007 0.310791 3.39941 2.27864 4.57355 3.47307 4.34595 2.297 3.07028 0.0883588 0.529726 1.72265 4.37633 0.879551 1.08962 3.31155 1.97892 0.83982 0.389924 1.08228 0.697594 2.00048 0.0930085 0.651591 0.0250406 3.98086 1.32007 2.07795 1.31134 3.83512 0.0555426 2.61384 2.13093 4.29058 2.46052 2.89014 4.54009 2.61006 0.930018 4.80001 3.51001 4.82 0.920001 0.0200006 3.02 4.97 2.15 1.73 2.83 0.35 2.19 3.56 3.46 2.45 2.38 1.7 0.75 1.78 3.86 1.48 4.64 0.36 0.39 2.78 4.93 2.98 4 0 0 0 0 0 0 0 0 0 0 0 0 0 0 
0 3.05001 4.99014 3.59089 3.525 2.2301 2.60751 1.00535 1.98945 3.35164 3.9202 4.27515 1.43318 4.6421 4.68883 0.551396 3.31029 3.70481 2.47676 0.350728 2.51642 4.10161 0.117204 0.34422 3.74432 1.05739 1.43799 4.50989 1.20405 4.99355 0.853827 4.97294 1.1508 4.98061 0.120184 3.57012 0.550103 1.41001 2.01003 3.75001 2.19 0.880001 2.47 2.53 4.62 4.25 0.87 2.79 4.93 3.01 0.99 3.41 1.45 1.65 0.97 1.7 0.09 4.94 1.21 0.64 3.24 0.18 0.31 4.75 1.91 0.97 5 0 0 0 0 0 0 0 0 0 0 0 0 0 0 0 
0 1.54 4.39003 4.72018 1.38142 2.02409 3.69049 3.76263 1.03078 1.69011 0.115193 2.46814 1.24451 1.86655 3.49663 2.11861 4.14645 4.93244 2.21981 2.08544 3.15684 4.47125 2.93999 0.745414 4.04229 4.0944 2.70653 3.05485 4.00018 4.54124 4.92061 2.59036 3.42022 3.49009 3.35004 0.220033 2.91 3.78 4.30001 2.6 0.200001 4.08 2.4 4.39 0.12 1.11 2.9 3.87 3.44 4.25 2.08 0.39 2.39 0.22 1.03 0.75 4.94 4.65 1.2 0.98 1.05 1.25 3.72 2.9 3.97 0.99 1 0 0 0 0 0 0 0 0 0 0 0 0 0 0 0 
0 1.66 3.79001 4.56006 4.40017 2.19117 0.24114 3.66608 0.699973 0.747152 4.59821 3.81318 0.389037 2.21284 2.47672 0.808749 4.50785 2.1801 0.468322 2.05957 1.00253 2.02313 0.46424 2.91964 0.565126 2.10166 1.92294 0.420662 0.350521 2.02996 0.310171 1.58014 0.290061 3.47005 4.51002 3.09001 2.60001 1.07 4.74 1.51 0.280001 4.24 4.08 1.92 1.56 3.45 1.7 4.26 3.58 1.79 0.36 2.56 5 2.77 4.35 1.78 1.21 1.2 4.9 4.99 0.21 3.7 2.89 0.96 1.99 2 0 0 0 0 0 0 0 0 0 0 0 0 0 0 0 0 
0 1.31 0.540003 4.93001 1.78003 3.98011 2.42007 4.06105 2.42027 1.63109 1.76606 1.76983 3.53737 4.35626 4.76023 2.61516 3.2004 1.16642 2.29768 2.71524 2.08263 0.0337583 0.689844 0.433145 0.420464 1.07057 0.880556 2.91007 2.95013 2.16008 1.06008 0.380027 4.16002 0.270013 1.26001 1.57 4.5 0.140001 2.51 0.760001 1.68 2.85 0.7 0.57 1.65 1.06 3.62 4.56 3.59 4.78 2.52 4.76 1.38 0.78 4.18 3.86 0.64 0.98 4.99 1.2 3.69 0.88 2.96 2.99 2 0 0 0 0 0 0 0 0 0 0 0 0 0 0 0 0 0 
0 1.81 3.82 2.88 1.70001 4.76004 4.17005 2.89013 2.67043 2.19034 2.51056 4.38075 4.20095 0.661118 1.03283 1.73322 1.20304 1.29314 2.17123 3.61055 0.591094 3.83065 1.13113 0.810326 3.00059 3.54998 1.59012 1.98007 1.57012 0.0300293 1.79 1.83001 2.44001 0.960003 4.93 4.03 3.06 3.46 2.58 3.32 4.82 3.29 3.43 3.14 0.01 2.54 1.67 4.66 2.43 0.77 1.3 2.33 0.45 1.58 1.41 1.48 3.24 1.05 0.21 3.69 1.88 3.96 2.99 2 0 0 0 0 0 0 0 0 0 0 0 0 0 0 0 0 0 0 
0 2.82 2.27 0.890001 0.520001 1.77001 4.10001 4.19001 3.97008 0.380029 3.07028 4.13003 2.14058 2.53029 2.51051 4.30994 3.61994 0.300494 3.99027 0.290605 0.610233 1.85016 2.67032 3.64004 0.220084 3.67012 4.20005 1.31002 0.750034 1.3 2.92001 2.08 3.72 1.06 3.12 1.87 3.08 0.24 3.64 0.63 1.86 3.08 2.2 4.05 1.33 2.58936e-10 1.2 3.74 2.42 1.58 4.78 3.49 4.31 1.63 0.63 4.64 0.18 1.25 3.7 0.88 3.96 2.99 2 0 0 0 0 0 0 0 0 0 0 0 0 0 0 0 0 0 0 0 
0 4.26 2.94 3.79 0.71 1.11 0.300001 4.45001 4.67001 4.99002 1.65003 3.51008 3.54005 2.69008 4.54016 4.59009 4.60008 0.770084 1.96005 2.36004 0.00010405 1.38008 2.07003 4.29006 3.45 4.73003 3.19001 1.09001 1.83001 1.11001 4.26 4.57 4.37 4.63 2.03 0.29 4.61 4 0.46 4.08 2.53 4.19 4.17 3.01 0.56 2.84 2.36 1.52 4.25 3.25 0.02 1.6 3.23 5 3.14 0.36 0.31 3.72 2.89 2.96 2.99 2 0 0 0 0 0 0 0 0 0 0 0 0 0 0 0 0 0 0 0 0 
0 1.52 4.23 4.79 2.37 0.98 4.44 2.81 4.43001 0.810008 3.93001 0.260007 3.82003 4.64001 1.59 1.10002 1.01002 3.06002 4.34 4.90001 3.68003 3.58001 1.88001 2.64001 1.51001 3.26001 0.460006 1.17 1.86 2.85 0.080001 4.19 4.72 1.73 0.29 3.96 3.23 1.44 0.11 2.61 2.09 2.08 0.65 3.46 4.28 2.62 4.91 2.69 1.16 4.46 3.78 4.92 2.45 1.7 4.58 0.39 4.75 2.9 0.96 2.99 2 0 0 0 0 0 0 0 0 0 0 0 0 0 0 0 0 0 0 0 0 0 
0 4.76 4.88 2.17 2.69 1.85 4.04 0.83 4.13 1.71 0.410002 1.05 4.56 1.35001 1.36001 4.25001 2.45001 4.45001 1.69001 1.32001 4.32001 2.3 3.23001 3.83 4.25 4.75 0.120001 1.8 2.27 1.04 1.9 0.24 2.82 2.11 0.58 3.91 4.26 1.26 1.86583e-09 4.92 3.66 4.13 4.98 2.59 4.09 0.36 1.44 4.11 3.59 0.27 1.44 2.89 3.28 0.8 1.48 2.78 1.91 3.97 1.99 2 0 0 0 0 0 0 0 0 0 0 0 0 0 0 0 0 0 0 0 0 0 0 
0 6.89226e-12 3.39 0.49 3.5 0.71 1.02 0.25 4.6 1.11 0.98 0.550001 3.95 1.25 3.28 2.19 3.62 3.74 1.47 1.66 0.22 0.670001 2.32 0.700001 0.28 4.01 3.27 2.04 2.21 2.71 1.46 1.46 3.06 4.09 3.3 0.39 0.71 0.33 0.51 2.81 3.71 4.32 2.61 2.53 4.57 2 1.89 2.7 3.71 1.62 4.23 0.83 3.03 1.57 4.82 4.93 0.97 0.99 2 0 0 0 0 0 0 0 0 0 0 0 0 0 0 0 0 0 0 0 0 0 0 0 
0 0.33 1.05 4.31 0.51 1.93 0.95 2.67 4.04 2.96 0.0100001 4.23 0.0800001 1.86 0.890001 2.61 3.96 2.87 4.27 2.41 4.37 1.06 3.09 2.49 1.05 2.57 1.62 1.49 3.25 3.49 4.53 3.82 2.54 2.31 2.04 0.46 3.22 3.93 4.48 3.43 2.66 2.11 3.64 1.19 0.23 3.39 3.53 0.88 3.34 0.4 0.33 3.24 2.66 1.85 2.94 2.98 5 1 0 0 0 0 0 0 0 0 0 0 0 0 0 0 0 0 0 0 0 0 0 0 0 0 
0 4.1 2.38 4.49 1.76 4.72 1.43 3.3 1.82 0.05 2.98 0.35 2.89 4.99 1.68 0.31 3.4 1.27 0.66 4.6 0.75 1.85 1.5 3.89 4.58 2.59 3.17 3.29 1.24 4.3 0.1 2.5 1 0.52 2.91 0.54 3.42 0.51 3.16 1.3 4.68 2.84 0.85 0.59 2.26 2.18 2.77 4.55 3.39 4.77 4.43 2.74 4.89 0.95 0.98 4 0 0 0 0 0 0 0 0 0 0 0 0 0 0 0 0 0 0 0 0 0 0 0 0 0 0 
0 2.43 4.04 1.19 3.44 0.38 2.81 2.9 3 4.65 1.91 2.66 2.99 1.87 4.12 3.59 0.74 4.82 4.08 3.91 2.32 4.51 2.94 3.31 4.55 1.59 2.61 2.79 3.04 0.18 2.75 1.87 0.07 0.91 1.98 2.55 2.01 0.31 3.25 2.86 4.12 1.21 2.33 3.65 4.02 2.46 3.26 2.17 3.12 0.58 3.81 4.92 3.97 2.99 3 0 0 0 0 0 0 0 0 0 0 0 0 0 0 0 0 0 0 0 0 0 0 0 0 0 0 0 
0 1.49 4.93 3.53 4.27 0.21 0.7 0.37 3.85 3.97 1.22 2.49 4.93 3.37 3.69 4.16 4.32 4.03 3.19 4.1 0.21 2.31 0.13 4.34 4.16 4.72 4.4 4.29 4.91 0.66 3.95 0.27 0.37 3.79 2.78 3.04 3.29 2.86 1.04 4.22 2.6 4.84 4.88 2.53 0.12 4.53 4.77 0.39 3.71 0.86 2.94 3.98 5 1 0 0 0 0 0 0 0 0 0 0 0 0 0 0 0 0 0 0 0 0 0 0 0 0 0 0 0 0 
0 0.9 0.57 4.85 4.33 3.67 4.13 2.92 0.42 4.17 2.31 1.05 3.9 1.12 2.27 3.6 0.88 2.72 3.12 2.53 2.69 2.22 0.63 0.72 3.43 5.58899e-10 2.33 3.71 0.62 3.07 2.69 4.67 1.76 4.25 2.88 0.03 1.45 2.49 3.24 3.17 3.2 0.23 3.24 4.97 4.43 3.2 2.6 0.8 3.91 2.96 4.99 3 0 0 0 0 0 0 0 0 0 0 0 0 0 0 0 0 0 0 0 0 0 0 0 0 0 0 0 0 0 0 
0 4.99 3.72 0.92 4.88 2.59 0.97 2.75 1.08 4.68 0.44 4.88 0.11 3.83 4.33 1.91 3 1.29 2.17 3.61 3.5 4.2 4.58 2.26 4.01 0.19 1.98 1.3 1.43 2.59 2.29 0.41 2.23 0.2 0.13 3.23 4.66 1.3 1.55 1.97 1.85 3.63 1.18 4.04 2.5 4.75 4.88 1.94 4.98 0.99 2 0 0 0 0 0 0 0 0 0 0 0 0 0 0 0 0 0 0 0 0 0 0 0 0 0 0 0 0 0 0 0 
0 1 2.95 2.58 1.9 3.12 2.07 1.69 1.63 0.2 4.09 1.94 2.71 2.08 1.17 1.37 4.95 1.2 1.03 0.6 0.55 2.74 3.78 4.59 4.57 3.72 3.71 3.27 0.6 2.39 4.86 0.2 3.52 0.09 2.14 4.74 2.92 2.87 2.1 4.63 0.1 0.95 1.43 2.7 4.85 4.93 3.97 3.99 3 1 0 0 0 0 0 0 0 0 0 0 0 0 0 0 0 0 0 0 0 0 0 0 0 0 0 0 0 0 0 0 0 0 
0 0 5 1.92 2.57 4.35 2.9 2.75 2.14 1.39 4.92 3.73 2.02 1.16 0.63 4.79 2.72 2.89 4.16 1.72 0.15 4.36 4.05 3.37 4.25 2.28 2.13 1.48 1.71 1.43 4.01 0.14 1.6 4.99 3.66 1.7 2.94 0.97 1.22 3.98 1.42 2.68 3.83 1.91 3.96 0.98 5 1 0 0 0 0 0 0 0 0 0 0 0 0 0 0 0 0 0 0 0 0 0 0 0 0 0 0 0 0 0 0 0 0 0 0 
0 0 0 2.99 3.92 2.66 2.92 0.14 0.47 0.8 4 2.23 4.38 0.28 0.81 4.61 2.6 3.47 4.12 1.36 0.88 1.4 4.01 2.55 2.99 2.64 2.3 3.27 2.28 0.4 3.93 4.25 0.79 0.97 3.14 3.58 1.51 1.1 2.47 4.7 2.83 3.91 0.95 3.98 0.99 3 0 0 0 0 0 0 0 0 0 0 0 0 0 0 0 0 0 0 0 0 0 0 0 0 0 0 0 0 0 0 0 0 0 0 0 0 
0 0 0 1 2.99 4.94 3.78 2.39 2.58 4.09 0.63 5 3.11 1.12 0.44 1.68 2.54 4.7 0.66 4.71 3.82 3.74 0.03 2.19 2.7 2.12 4.13 0.51 0.18 4.14 2.43 3.15 3.4 1.28 1.89 2.3 3.57 2.74 3.85 4.92 4.96 2.98 1.99 3 1 0 0 0 0 0 0 0 0 0 0 0 0 0 0 0 0 0 0 0 0 0 0 0 0 0 0 0 0 0 0 0 0 0 0 0 0 0 
0 0 0 0 1 0.99 2.96 4.88 3.7 0.36 4.81 1.97 3.83 0.4 4.79 0.11 0.55 4.28 4.42 0.05 1.2 4.82 4.8 2.02 0.36 0.71 0.98 2.11 3.07 1.85 0.46 2.93 1.27 4.52 3.69 0.8 2.88 2.93 1.96 1.98 0.99 3 1 0 0 0 0 0 0 0 0 0 0 0 0 0 0 0 0 0 0 0 0 0 0 0 0 0 0 0 0 0 0 0 0 0 0 0 0 0 0 0 
0 0 0 0 0 1 4 1.98 1.94 4.87 1.74 3.55 1.28 0.94 0.55 2.14 3.75 4.42 3.18 4.06 1.06 4.19 3.41 4.7 2.02 0.35 0.67 0.96 1.21 3.42 1.58 3.71 1.8 2.87 3.92 2.95 1.97 4.99 5 2 1 0 0 0 0 0 0 0 0 0 0 0 0 0 0 0 0 0 0 0 0 0 0 0 0 0 0 0 0 0 0 0 0 0 0 0 0 0 0 0 0 0 
0 0 0 0 0 0 0 2 0.99 3.98 2.95 4.91 0.84 1.76 3.67 3.57 2.47 0.38 3.32 1.28 0.27 3.3 3.35 4.42 0.49 0.57 0.65 3.73 0.79 3.85 1.89 4.93 1.95 2.97 0.98 1.99 4 1 0 0 0 0 0 0 0 0 0 0 0 0 0 0 0 0 0 0 0 0 0 0 0 0 0 0 0 0 0 0 0 0 0 0 0 0 0 0 0 0 0 0 0 0 
