0 0 0 0 0 0 0 0 0 0 0 0 0 0 0 0 0 0 0 0 0 0 0 0 0 0 0 0 0 0 0 0 0 0 0 0 0 0 0 
0 1.79487 3.81334 3.89961 1.87733 3.13919 0.34906 2.53072 1.9852 1.55718 3.79857 3.19671 2.79843 0.999768 2.99998 2.59999 3.6 3.2 1.2 3.2 2.4 1.2 1.8 2.2 0.4 0.4 3.2 2.8 3.4 0.2 0 3.2 4 0 0 0 0 0 0 
0 3.81334 0.772929 0.852486 2.37072 3.97471 3.56369 2.21243 2.74211 3.59341 2.16713 1.98287 4.19564 0.999566 0.19994 2 3.19999 1.8 2.6 1.8 0.2 0.6 0.6 2.2 2 3.2 3.6 3.6 2.2 2.8 0.4 4.2 0.4 3.8 1 0 0 0 0 
0 3.89961 0.852486 3.47973 3.73308 0.932237 2.25667 3.20049 1.59754 3.13973 1.17289 2.19005 2.39543 2.99855 4.19997 4 4.19998 0.599997 1.8 1.2 1.4 2.2 0.6 2 1.2 0.4 1.4 3 1.6 0.4 3.4 3.4 2.4 0.4 3.8 1 0 0 0 
0 1.87733 2.37072 3.73308 1.521 1.49495 3.33244 2.31635 0.681442 0.190746 2.1699 3.19126 0.199429 3.59913 0.799826 2.59986 1.59997 4.19999 2.6 0.2 3.2 1.8 1 3.8 1.6 1.2 1 4 1.2 2.4 0.4 1.8 1.8 2.4 3 0.8 1 0 0 
0 3.13919 3.97471 0.932237 1.49495 1.86778 1.19113 2.79803 2.35605 1.04337 2.53876 0.581292 2.19573 2.79926 0.399842 3.19984 0.799937 2.79998 0.599997 2.4 3.4 2.4 1.2 2.2 0.6 3 2.4 1.4 3.8 1 3.4 2.8 4 3 0.4 1.4 3 0 0 
0 0.34906 3.56369 2.25667 3.33244 1.19113 3.56783 3.71098 3.34298 3.58265 3.18123 0.596674 3.59998 2.99828 0.199657 3.19981 2.19994 2.79998 1.8 3.2 3 0.2 2.4 1.6 1.8 1.2 3.4 4.2 2.6 1.8 1.6 1.8 2.6 3.2 1.2 1.8 1.8 1 0 
0 2.53072 2.21243 3.20049 2.31635 2.79803 3.71098 2.05437 1.96572 1.53876 1.99132 0.599983 0.59777 2.59933 2.7998 3.79997 2.4 3.19998 4.2 2.6 3.2 0.4 2.8 3.4 1.4 2 2.8 2.8 2.8 2.8 0.2 1 1.8 3 3.6 1 2.6 2 0 
0 1.9852 2.74211 1.59754 0.681442 2.35605 3.34298 1.96572 4.15572 2.37014 3.3981 4.19687 1.39927 3.79966 1.19994 1.39994 2.19998 0.599993 1.8 3.8 0.4 3 3.6 2.6 4 0.6 1 0.2 1.4 2 1.8 2.4 1.6 1 2.8 2.2 3.4 3 0 
0 1.55718 3.59341 3.13973 0.190746 1.04337 3.58265 1.53876 2.37014 0.794016 3.39541 1.39938 0.39963 0.799515 1.79981 0.999955 4.2 1.2 3.4 1.8 0.6 0.6 4 3.2 1.6 2.4 1.2 1.2 2 2.8 2.8 3.6 1.6 3.2 0.4 1.4 0 0.8 1 
0 3.79857 2.16713 1.17289 2.1699 2.53876 3.18123 1.99132 3.3981 3.39541 1.99668 0.599684 2.39983 2.79997 2.79994 0.999981 3.79998 2.39999 2.4 3.4 3 3.6 1.8 4.2 2.8 2.4 4.2 3.8 2.6 0.2 0.2 2.2 2.2 3.6 1 4 4 1.8 1 
0 3.19671 1.98287 2.19005 3.19126 0.581292 0.596674 0.599983 4.19687 1.39938 0.599684 1.79957 0.199701 1.59996 1.99994 2.99999 4 1.6 1.2 3 4 2.8 3 0.4 1.6 0.4 3 3.6 0.8 2.4 2.2 4 0.8 3.6 3.8 2.8 0.8 2.8 1 
0 2.79843 4.19564 2.39543 0.199429 2.19573 3.59998 0.59777 1.39927 0.39963 2.39983 0.199701 3.99994 3.39996 0.19997 2.59999 3.6 4.2 1.8 0.8 1.8 3.8 3.8 4.2 2.4 2 2.2 3.2 0.6 3.6 3.8 3.4 1.4 2.8 1.4 0.8 1.8 2.8 1 
0 0.999768 0.999566 2.99855 3.59913 2.79926 2.99828 2.59933 3.79966 0.799515 2.79997 1.59996 3.39996 0.399971 1.6 1.8 1 3.2 2.2 3.2 2.4 2.6 0.8 3 0.8 3.4 1 2 2 0.2 3 0.4 3.4 0.2 0.8 2.2 4 1.8 1 
0 2.99998 0.19994 4.19997 0.799826 0.399842 0.199657 2.7998 1.19994 1.79981 2.79994 1.99994 0.19997 1.6 2.4 2.4 3.8 1 4 3.4 2.8 2 4 4 1.8 4 1.8 4 0.4 0.8 2.8 3 0.8 4 1.8 2.8 0 1.8 1 
0 2.59999 2 4 2.59986 3.19984 3.19981 3.79997 1.39994 0.999955 0.999981 2.99999 2.59999 1.8 2.4 1.6 1.4 0.4 2.2 2.4 1 2.8 0.2 0.4 3.6 1.8 2.4 0.6 2.6 3.6 0.2 0.4 3.8 2.8 4 1.4 1.2 0.8 1 
0 3.6 3.19999 4.19998 1.59997 0.799937 2.19994 2.4 2.19998 4.2 3.79998 4 3.6 1 3.8 1.4 4.2 3.6 1.8 2.2 1.6 0.2 1.6 4.2 3 3.6 0.6 4 0.4 1.8 2.8 3.6 1 3 4 1 1.4 4 0 
0 3.2 1.8 0.599997 4.19999 2.79998 2.79998 3.19998 0.599993 1.2 2.39999 1.6 4.2 3.2 1 0.4 3.6 1.2 1.4 2.8 1.8 3.8 0.4 1.4 0.6 3.8 3.6 1.8 3.6 4 2.4 3.2 3.8 2.2 1.6 2.6 1.6 2 0 
0 1.2 2.6 1.8 2.6 0.599997 1.8 4.2 1.8 3.4 2.4 1.2 1.8 2.2 4 2.2 1.8 1.4 0.6 1.8 1.2 1.4 0.4 3.2 2.4 2.6 2.8 3.6 4.2 2 0.8 0.6 0.6 1.2 3 1 2.8 1 0 
0 3.2 1.8 1.2 0.2 2.4 3.2 2.6 3.8 1.8 3.4 3 0.8 3.2 3.4 2.4 2.2 2.8 1.8 4 4 2.6 2.4 1.6 3.4 3.6 4 1 1.6 0.8 0.2 4 0.2 1.2 2 2.4 4 0 0 
0 2.4 0.2 1.4 3.2 3.4 3 3.2 0.4 0.6 3 4 1.8 2.4 2.8 1 1.6 1.8 1.2 4 4.2 4.2 2.2 3 1.2 1 2 0.2 3.8 3 0.4 1.2 2.2 2.4 2.8 0.6 2 0 0 
0 1.2 0.6 2.2 1.8 2.4 0.2 0.4 3 0.6 3.6 2.8 3.8 2.6 2 2.8 0.2 3.8 1.4 2.6 4.2 3.6 0.6 2.6 2 0.6 4.2 3.6 0.2 0.4 1.2 3.8 3.2 0.8 0.2 1.8 1 0 0 
0 1.8 0.6 0.6 1 1.2 2.4 2.8 3.6 4 1.8 3 3.8 0.8 4 0.2 1.6 0.4 0.4 2.4 2.2 0.6 3.6 3.2 3.4 1.6 1.4 2.6 1.2 1.4 0 1.2 1.6 2.8 1.6 3 0 0 0 
0 2.2 2.2 2 3.8 2.2 1.6 3.4 2.6 3.2 4.2 0.4 4.2 3 4 0.4 4.2 1.4 3.2 1.6 3 2.6 3.2 0.8 2.8 4 2.2 3 1.8 4.2 2 3.2 3.2 2.4 0.8 1 0 0 0 
0 0.4 2 1.2 1.6 0.6 1.8 1.4 4 1.6 2.8 1.6 2.4 0.8 1.8 3.6 3 0.6 2.4 3.4 1.2 2 3.4 2.8 3 4 3.4 3 1.8 0.8 1.6 1.4 1 3.8 2 0 0 0 0 
0 0.4 3.2 0.4 1.2 3 1.2 2 0.6 2.4 2.4 0.4 2 3.4 4 1.8 3.6 3.8 2.6 3.6 1 0.6 1.6 4 4 4 0.2 2.4 0.2 1.2 3.8 3.8 2.6 3 0 0 0 0 0 
0 3.2 3.6 1.4 1 2.4 3.4 2.8 1 1.2 4.2 3 2.2 1 1.8 2.4 0.6 3.6 2.8 4 2 4.2 1.4 2.2 3.4 0.2 2.8 0.8 0.2 3.2 1.4 1.4 0.8 1 0 0 0 0 0 
0 2.8 3.6 3 4 1.4 4.2 2.8 0.2 1.2 3.8 3.6 3.2 2 4 0.6 4 1.8 3.6 1 0.2 3.6 2.6 3 3 2.4 0.8 3 0.8 2.2 0.2 2.8 2 0 0 0 0 0 0 
0 3.4 2.2 1.6 1.2 3.8 2.6 2.8 1.4 2 2.6 0.8 0.6 2 0.4 2.6 0.4 3.6 4.2 1.6 3.8 0.2 1.2 1.8 1.8 0.2 0.2 0.8 0 2.2 3.8 2 0 0 0 0 0 0 0 
0 0.2 2.8 0.4 2.4 1 1.8 2.8 2 2.8 0.2 2.4 3.6 0.2 0.8 3.6 1.8 4 2 0.8 3 0.4 1.4 4.2 0.8 1.2 3.2 2.2 2.2 3.8 2 0 0 0 0 0 0 0 0 
0 0 0.4 3.4 0.4 3.4 1.6 0.2 1.8 2.8 0.2 2.2 3.8 3 2.8 0.2 2.8 2.4 0.8 0.2 0.4 1.2 0 2 1.6 3.8 1.4 0.2 3.8 2 0 0 0 0 0 0 0 0 0 
0 3.2 4.2 3.4 1.8 2.8 1.8 1 2.4 3.6 2.2 4 3.4 0.4 3 0.4 3.6 3.2 0.6 4 1.2 3.8 1.2 3.2 1.4 3.8 1.4 2.8 2 0 0 0 0 0 0 0 0 0 0 
0 4 0.4 2.4 1.8 4 2.6 1.8 1.6 1.6 2.2 0.8 1.4 3.4 0.8 3.8 1 3.8 0.6 0.2 2.2 3.2 1.6 3.2 1 2.6 0.8 2 0 0 0 0 0 0 0 0 0 0 0 
0 0 3.8 0.4 2.4 3 3.2 3 1 3.2 3.6 3.6 2.8 0.2 4 2.8 3 2.2 1.2 1.2 2.4 0.8 2.8 2.4 3.8 3 1 0 0 0 0 0 0 0 0 0 0 0 0 
0 0 1 3.8 3 0.4 1.2 3.6 2.8 0.4 1 3.8 1.4 0.8 1.8 4 4 1.6 3 2 2.8 0.2 1.6 0.8 2 0 0 0 0 0 0 0 0 0 0 0 0 0 0 
0 0 0 1 0.8 1.4 1.8 1 2.2 1.4 4 2.8 0.8 2.2 2.8 1.4 1 2.6 1 2.4 0.6 1.8 3 1 0 0 0 0 0 0 0 0 0 0 0 0 0 0 0 
0 0 0 0 1 3 1.8 2.6 3.4 0 4 0.8 1.8 4 0 1.2 1.4 1.6 2.8 4 2 1 0 0 0 0 0 0 0 0 0 0 0 0 0 0 0 0 0 
0 0 0 0 0 0 1 2 3 0.8 1.8 2.8 2.8 1.8 1.8 0.8 4 2 1 0 0 0 0 0 0 0 0 0 0 0 0 0 0 0 0 0 0 0 0 
0 0 0 0 0 0 0 0 0 1 1 1 1 1 1 1 0 0 0 0 0 0 0 0 0 0 0 0 0 0 0 0 0 0 0 0 0 0 0 
