0 0 0 0 0 0 0 0 0 0 0 0 0 0 0 0 0 0 0 0 0 0 0 0 0 0 0 0 0 0 0 0 0 0 0 0 0 0 0 0 0 0 0 0 0 0 0 0 0 0 0 0 0 0 0 0 0 0 0 0 0 0 0 0 0 0 0 0 0 0 0 0 0 0 0 0 0 0 0 0 0 0 0 0 0 0 0 0 0 0 0 0 0 0 0 0 
0 100002 149951 126238 192289 95074 72290 63121 136026 133881 65380 104037 76338 127426 189955 171120 23085 123861 19846 122637 25088 129808 94885 187316 48602 185893 104401 79787 39012 80973 174947 7562 173612 75076 7391 15184 9663 87762 89973 21371 197545 71699 59828 1917 5492 197522 93490 31370 11949 133326 37754 156295 19028 133108 181101 139847 166350 93268 173096 104106 149443 176767 184455 75591 127782 127350 114501 34449 102178 36102 36253 49126 53423 118054 195045 113695 27440 91007 30148 43901 171214 83371 60325 182622 479 138673 192566 17899 130518 189412 105763 181368 79624 79760 87933 50 
0 149951 52474 176864 180296 161449 178725 152175 71042 188421 40362 39715 129102 69398 195670 146284 181759 137389 7445 76679 196138 192579 120921 117856 61393 10021 74455 53324 67227 73424 26883 181921 2434 43913 116253 138205 159403 128984 12106 104183 67970 52938 80526 36154 90883 7051 43027 161606 199588 49959 14681 170459 121552 198293 151711 149197 23001 66400 38137 17079 5958 51696 86652 50209 150360 42531 73649 45869 54946 101445 38798 193014 99822 38185 13417 58022 116474 121408 24255 125789 69681 86310 174880 39831 48416 168006 139381 154961 68146 12896 123005 45793 137884 177725 4740 0 
0 126238 176864 170444 122897 146811 56523 148650 153681 81632 198578 10056 16391 171852 23989 63185 99113 163289 90110 63297 125787 69672 96420 106022 120266 130686 93215 7561 27936 89818 128791 37753 102608 118160 149473 89537 121711 23978 179462 125431 58763 50778 159236 53969 155153 68109 116910 190292 199044 59691 61454 99569 155600 120351 28317 32564 59198 86928 95307 75784 150893 142896 156489 136321 161023 93594 113680 40697 49111 38541 155439 143689 174686 89758 146817 167748 13496 33837 105736 52430 52396 82599 33127 9252 56221 23709 63290 64383 167476 173695 60732 73688 175319 20468 1 0 
0 192289 180296 122897 62414 160874 97299 91921 84354 195731 33522 126770 87403 103959 161532 95566 70872 110623 179784 196652 64485 74940 44161 122037 45482 110126 65534 51425 104965 178307 177542 126941 60368 44199 14758 86629 87748 146679 188795 163924 10373 176214 155572 23847 198935 153641 184470 185022 155066 70411 59486 45192 152761 166953 186163 151958 89318 10826 131821 100874 57911 115268 83960 181480 196674 196394 95342 30145 140272 175071 86083 134223 154196 105857 137768 137432 190547 113871 163197 113097 69303 94455 186230 22106 63877 126556 178993 56774 161696 135075 10633 51322 161067 34 0 0 
0 95074 161449 146811 160874 171624 37881 47620 191461 75427 16922 90358 111878 24975 34481 65771 42492 114079 84930 6307 174701 81847 71201 11525 60755 109590 134262 58509 48143 137178 52055 167857 153596 171761 36343 117797 120103 196352 157277 1145 162127 144614 150402 138540 90048 125282 27752 22029 44936 128705 164905 197697 170385 166648 151427 178125 151575 78438 62673 154198 129018 130398 12928 47611 142296 49316 197400 99539 176193 34944 148900 36978 105429 114264 142495 72734 163549 141532 5389 168738 89096 21132 53188 175444 57658 53583 20654 16877 171658 86603 54743 14263 802 0 0 0 
0 72290 178725 56523 97299 37881 17144 68044 120685 70460 180717 126131 19941 9652 144160 127477 125052 8763 142711 23858 127390 19043 170715 39471 166032 71307 144249 99974 128196 21924 7137 112293 59265 159868 121016 40719 93730 3851 168715 144579 156914 113296 163732 94419 62481 49779 82675 102403 155562 136062 176961 137927 13138 5128 163748 67322 118506 194478 188689 2408 164776 37732 70383 152928 31259 166185 113916 40978 155258 14807 117707 137091 85400 40424 76473 53230 111286 3012 32296 47721 138124 101654 77259 117133 100201 151135 170289 106835 84224 54424 56741 14612 0 0 0 0 
0 63121 152175 148650 91921 47620 68044 140800 160614 71073 143552 69893 19304 12344 97446 112629 23370 104346 71575 36734 196814 97498 144729 136452 85230 1035 166555 176880 168984 67830 161465 106206 119294 165587 164079 46757 23114 40404 48996 119941 88642 152167 60936 181117 31715 120060 51752 118563 88496 11845 82729 11684 177785 113100 5906 52971 148453 192540 23292 186956 177331 15555 46913 28231 172628 34096 50765 133710 167822 153627 66054 110571 85095 30423 56506 91075 38167 181130 20379 51957 88717 42996 134153 52778 115880 45748 131300 21255 64890 8324 19183 1 0 0 0 0 
0 136026 71042 153681 84354 191461 120685 160614 81226 155996 156991 173193 164019 152400 25257 192939 181361 30968 151603 105635 107137 34186 143134 80043 146409 109122 199839 194652 71320 97493 169456 156872 71253 59228 55679 115573 7790 173269 193965 65293 40951 71202 86696 80540 40372 46980 64840 165620 109801 179105 54892 123851 11597 16155 122919 194984 140318 18247 34764 66075 190480 8812 107196 153640 83175 128535 32114 34865 35227 165397 105709 91679 198641 17847 191362 66081 166538 24177 178949 29806 5674 9476 75408 88287 148987 22925 32573 35060 161795 186758 14 0 0 0 0 0 
0 133881 188421 81632 195731 75427 70460 71073 155996 76614 66490 100525 28598 166045 87641 190051 61937 122155 187679 4450 185468 75725 120120 95924 127365 124495 182619 115708 141225 64276 188270 76107 36914 29678 91183 109084 179705 147084 160146 124638 156012 19315 72838 42000 158393 189725 52310 20081 74623 11217 24063 98940 105011 164332 66134 189689 127739 22692 29047 154786 166097 42363 40703 55009 28274 85931 37640 70032 105869 136741 52192 62929 160632 71164 11255 36283 129696 72369 140617 81036 94762 88506 154940 195736 40719 146094 76894 109509 54326 166 0 0 0 0 0 0 
0 65380 40362 198578 33522 16922 180717 143552 156991 66490 156140 12731 154727 59925 28967 36563 128275 198949 8901 58208 168279 13612 101148 103266 198654 62829 45380 23673 66638 162202 53692 171595 83300 1002 34317 32181 188338 191712 59581 142716 85848 109595 62668 156762 83095 61553 191531 78586 59830 175456 60776 61726 127246 100571 138131 47295 74531 50631 175282 199970 82422 9211 112288 197922 144398 94068 113566 143688 122043 66810 559 67206 169314 91300 120550 147465 55560 69722 35645 31795 186718 194454 94476 19975 30200 192890 179748 125159 1634 0 0 0 0 0 0 0 
0 104037 39715 10056 126770 90358 126131 69893 173193 100525 12731 190200 151911 37657 11189 192413 38316 135135 24773 119730 27225 12410 147186 96902 150792 13451 101552 59923 174164 135710 114782 78230 163209 133247 109417 59180 90162 40453 62319 134810 38377 176941 18395 117312 150837 61883 41496 81202 162183 137804 108631 148953 82971 152092 15398 109922 43533 179101 79823 66295 55269 84952 67109 89705 162037 138176 188338 37687 54312 43861 70440 122126 137362 120010 131236 116706 9886 154473 88003 15062 155628 165262 3804 10660 100268 27853 196370 14222 0 0 0 0 0 0 0 0 
0 76338 129102 16391 87403 111878 19941 19304 164019 28598 154727 151911 113808 104133 63069 106796 196561 74649 177740 174300 95291 153718 193805 42564 120259 30798 141637 9308 181809 175334 104265 41768 169445 128250 146557 159608 186941 100527 29342 63339 152510 159476 175191 98724 47533 60669 66844 20232 92237 83901 77056 57413 118978 110560 12340 17667 111781 86360 95014 5534 190646 26696 69249 146210 22113 3811 26129 39902 16596 96394 13525 159338 40064 161839 166933 140137 176352 16020 34079 81325 1905 64384 24920 65653 85432 153762 111201 0 0 0 0 0 0 0 0 0 
0 127426 69398 171852 103959 24975 9652 12344 152400 166045 59925 37657 104133 101658 124596 45699 99533 68463 161450 84210 122862 139158 178036 147163 61596 95076 153503 159069 75778 151975 4420 171066 75333 103031 185555 95242 101581 57139 67241 145655 198254 48565 145536 153663 22452 100665 77558 27928 135606 31312 139224 55654 12427 37837 179505 112326 3015 151317 160085 187336 133485 85348 22081 166101 86996 124870 19460 125997 12895 177774 96133 120385 171030 148841 97511 52193 34802 185343 128609 112549 95895 118211 181960 107571 76327 187679 3 0 0 0 0 0 0 0 0 0 
0 189955 195670 23989 161532 34481 144160 97446 25257 87641 28967 11189 63069 124596 3060 176386 7338 88050 85830 179568 137166 149135 2889 185903 144755 172121 118136 172772 142715 102170 40918 195028 115153 24868 110635 11949 112079 99070 148836 194761 103280 120536 50294 181960 186865 99239 98823 182574 115616 170919 152517 79524 151350 8744 5045 74299 159516 101909 112725 113511 147760 57459 99863 36980 30125 97303 39672 112616 129889 171783 78996 87928 162813 86026 127872 31554 6611 130991 75293 121206 4372 41436 109295 195013 89613 28 0 0 0 0 0 0 0 0 0 0 
0 171120 146284 63185 95566 65771 127477 112629 192939 190051 36563 192413 106796 45699 176386 193578 100628 75651 173730 438 41621 4335 34989 9239 180779 139529 178005 46663 4340 13330 132202 154982 85414 103640 171879 180197 169037 107636 100064 44853 144388 161578 145878 173940 83323 146217 85596 130998 14575 133810 141158 151343 3908 161961 115153 83808 7637 16095 13118 165560 74826 77972 20915 135565 187671 55620 73760 193038 177231 117911 39640 68550 70994 81045 81074 63989 196808 114114 161004 153248 122493 160922 142214 174137 175 0 0 0 0 0 0 0 0 0 0 0 
0 23085 181759 99113 70872 42492 125052 23370 181361 61937 128275 38316 196561 99533 7338 100628 40694 130227 80527 12720 5781 88985 26885 63860 23246 30007 94218 7813 64884 122256 109964 69856 47764 138133 35110 194420 178327 153492 140297 95407 30873 52065 127032 12194 188903 56788 41727 179006 28190 61116 37808 173293 14792 6872 141710 94673 73423 9850 106829 54318 111888 85057 160332 68213 157316 186293 49362 111631 67865 22346 186568 122707 109016 101228 89012 184033 178180 66483 116889 85127 58246 87955 151949 974 0 0 0 0 0 0 0 0 0 0 0 0 
0 123861 137389 163289 110623 114079 8763 104346 30968 122155 198949 135135 74649 68463 88050 75651 130227 60560 139311 156866 161231 122787 87807 120918 145012 109716 87697 171992 163947 136810 105981 55043 76265 122417 13140 165091 195357 24435 26591 150256 30163 163020 57012 132674 156170 4857 164641 57809 183350 28288 116539 159652 22336 144413 144522 39890 34476 30575 96906 50085 68964 11261 39328 94431 145169 25535 110479 121688 144974 4567 161844 146258 55525 43617 1147 60219 15797 125029 164997 37591 39776 69240 4999 0 0 0 0 0 0 0 0 0 0 0 0 0 
0 19846 7445 90110 179784 84930 142711 71575 151603 187679 8901 24773 177740 161450 85830 173730 80527 139311 154328 27256 132691 49643 50599 184428 72539 46613 39515 142739 154746 98438 179489 21423 65726 1978 130182 178676 87041 175524 182924 128022 160045 31618 10133 100901 47867 153459 50544 71611 91639 194729 163682 67009 100554 38803 79653 193895 183071 148449 76761 27581 169160 94061 191454 102684 13783 151830 190083 124307 18270 56894 108121 137784 196498 4927 179780 116756 182480 100278 90127 184843 137600 23823 0 0 0 0 0 0 0 0 0 0 0 0 0 0 
0 122637 76679 63297 196652 6307 23858 36734 105635 4450 58208 119730 174300 84210 179568 438 12720 156866 27256 17840 77382 92366 158745 37133 195486 21548 117290 32118 197572 144731 169040 179862 159074 71998 93054 135915 151046 31563 114714 113429 48042 56415 35435 147685 41785 26362 138562 94836 119274 23355 52805 51568 45433 78979 181682 148270 61839 176412 44428 98910 46869 104368 64801 148245 95391 19741 55793 112454 81598 147798 69159 163961 19711 140213 168886 26994 1175 63323 134315 181688 105883 0 0 0 0 0 0 0 0 0 0 0 0 0 0 0 
0 25088 196138 125787 64485 174701 127390 196814 107137 185468 168279 27225 95291 122862 137166 41621 5781 161231 132691 77382 65648 175455 32470 5060 100904 185908 138689 38653 118551 68534 10306 38488 142313 66883 169533 99294 49279 170760 26857 182826 66136 23833 31723 10356 39998 159751 29602 147678 90584 157236 40968 164059 37204 12057 63505 94800 183108 133286 101934 177123 98003 81732 62692 63664 182290 106662 190630 35107 150012 188001 119854 168400 131329 59403 31454 4642 53292 175907 19559 40252 2 0 0 0 0 0 0 0 0 0 0 0 0 0 0 0 
0 129808 192579 69672 74940 81847 19043 97498 34186 75725 13612 12410 153718 139158 149135 4335 88985 122787 49643 92366 175455 84094 125567 6039 143089 23360 30249 50044 135949 74945 57733 584 27013 149729 88800 136240 27365 39687 7367 178967 47666 25032 1749 65996 111450 16606 179659 22872 57364 90373 110145 144872 151350 68289 135961 103544 133202 180512 93654 109109 45196 71211 197361 104210 21317 69544 35856 22537 79202 73496 89399 166217 93853 64810 117177 149844 188443 45306 116986 10 0 0 0 0 0 0 0 0 0 0 0 0 0 0 0 0 
0 94885 120921 96420 44161 71201 170715 144729 143134 120120 101148 147186 193805 178036 2889 34989 26885 87807 50599 158745 32470 125567 6326 61478 26698 178870 23863 3362 33260 136870 834 77973 94824 53829 106293 112276 153751 70123 161940 2808 190539 22462 131992 152016 139558 13551 69151 118863 149425 190338 154457 167563 169097 57423 66256 177435 14696 111348 139445 117457 3459 1854 155288 63954 126230 101462 70831 90788 190371 36596 87389 145886 136492 131137 89923 187294 192541 95612 39 0 0 0 0 0 0 0 0 0 0 0 0 0 0 0 0 0 
0 187316 117856 106022 122037 11525 39471 136452 80043 95924 103266 96902 42564 147163 185903 9239 63860 120918 184428 37133 5060 6039 61478 9730 67857 118027 185793 140820 192380 164737 197236 6341 60116 159440 82608 108239 187475 63260 23034 1407 40841 118711 53847 172773 27102 68719 84894 155589 51644 125836 89915 10178 153911 5071 199158 136743 83431 188562 567 72915 5057 176026 143872 79656 186072 9272 72363 7035 94936 64992 9636 49587 65538 98382 48168 29116 148479 139 0 0 0 0 0 0 0 0 0 0 0 0 0 0 0 0 0 0 
0 48602 61393 120266 45482 60755 166032 85230 146409 127365 198654 150792 120259 61596 144755 180779 23246 145012 72539 195486 100904 143089 26698 67857 97072 88904 176579 86705 548 118253 77837 20156 187047 75046 64353 24417 185974 45751 184935 130123 93409 139468 63323 7192 53201 122619 111177 44665 106093 87211 22128 132585 72336 50230 86267 86465 59105 1408 53438 134713 180934 120704 92986 57499 130152 56677 89755 146119 192151 28909 55266 45792 73196 92013 15419 118953 462 0 0 0 0 0 0 0 0 0 0 0 0 0 0 0 0 0 0 0 
0 185893 10021 130686 110126 109590 71307 1035 109122 124495 62829 13451 30798 95076 172121 139529 30007 109716 46613 21548 185908 23360 178870 118027 88904 83936 177265 25617 4628 27387 25195 8267 166730 63485 67925 87878 168628 93439 22693 126790 165780 49843 162589 136985 191468 83456 135610 157765 174423 95179 26216 28715 108832 65507 194548 185450 3287 1914 92222 111460 101761 103007 181874 41648 17805 26419 101825 103086 81911 183890 166894 41537 76039 71901 66769 1447 0 0 0 0 0 0 0 0 0 0 0 0 0 0 0 0 0 0 0 0 
0 104401 74455 93215 65534 134262 144249 166555 199839 182619 45380 101552 141637 153503 118136 178005 94218 87697 39515 117290 138689 30249 23863 185793 176579 177265 98642 28998 134675 29226 169922 54744 57261 65661 15513 76079 86552 153588 184721 162616 119750 162645 70133 73323 146884 84097 74286 71914 86744 91384 57431 134017 136255 76439 32570 7233 68288 66265 154588 32156 167218 83770 135289 156871 195634 24743 104148 179524 100177 28625 156306 175951 103075 106965 4285 0 0 0 0 0 0 0 0 0 0 0 0 0 0 0 0 0 0 0 0 0 
0 79787 53324 7561 51425 58509 99974 176880 194652 115708 23673 59923 9308 159069 172772 46663 7813 171992 142739 32118 38653 50044 3362 140820 86705 25617 28998 86008 93013 127989 109320 183659 19274 119691 161027 101128 120352 101332 129977 79625 142530 2902 195370 135231 111549 151650 19540 172193 122555 542 26954 67269 152879 20240 107333 5992 142725 115826 87119 56377 85624 55870 50998 27879 91677 160370 194175 119687 74868 191735 150635 104551 173134 12032 0 0 0 0 0 0 0 0 0 0 0 0 0 0 0 0 0 0 0 0 0 0 
0 39012 67227 27936 104965 48143 128196 168984 71320 141225 66638 174164 181809 75778 142715 4340 64884 163947 154746 197572 118551 135949 33260 192380 548 4628 134675 93013 147544 117418 137398 96204 112226 174588 1419 178235 1775 7746 186141 116987 93190 111486 165915 118393 158244 32567 41512 80003 178744 108176 139388 22103 68612 121801 11984 1845 99491 50585 17402 135254 57489 33737 26983 147248 172727 8196 3680 52451 8810 7178 108097 40461 32088 0 0 0 0 0 0 0 0 0 0 0 0 0 0 0 0 0 0 0 0 0 0 0 
0 80973 73424 89818 178307 137178 21924 67830 97493 64276 162202 135710 175334 151975 102170 13330 122256 136810 98438 144731 68534 74945 136870 164737 118253 27387 29226 127989 117418 149448 103076 9963 85243 108817 144999 102220 38531 17399 144483 15514 44979 185805 177590 128731 22606 152431 60005 157177 128301 43927 96614 10686 54772 151258 160702 131143 101171 49712 23024 128282 158009 94499 140333 188635 190166 129974 152207 78225 46006 123525 101154 81368 0 0 0 0 0 0 0 0 0 0 0 0 0 0 0 0 0 0 0 0 0 0 0 0 
0 174947 26883 128791 177542 52055 7137 161465 169456 188270 53692 114782 104265 4420 40918 132202 109964 105981 179489 169040 10306 57733 834 197236 77837 25195 169922 109320 137398 103076 93066 35949 133868 6376 161225 32709 125048 129168 75502 101869 21798 195904 27816 171453 141618 79318 97590 90695 65811 114969 183943 130806 105703 38522 168335 150497 164962 93530 56563 4223 147240 136561 99839 171740 169597 134255 109064 175256 41366 144126 196406 0 0 0 0 0 0 0 0 0 0 0 0 0 0 0 0 0 0 0 0 0 0 0 0 0 
0 7562 181921 37753 126941 167857 112293 106206 156872 76107 171595 78230 41768 171066 195028 154982 69856 55043 21423 179862 38488 584 77973 6341 20156 8267 54744 183659 96204 9963 35949 151664 180136 137347 117071 45888 195002 173120 89033 188339 127871 191351 120033 196319 129667 146385 99066 69771 23949 7105 84676 19694 93440 170725 110894 35762 107923 127470 141500 136238 73121 96340 88262 136154 19743 102973 65561 25718 180019 51731 2 0 0 0 0 0 0 0 0 0 0 0 0 0 0 0 0 0 0 0 0 0 0 0 0 0 
0 173612 2434 102608 60368 153596 59265 119294 71253 36914 83300 163209 169445 75333 115153 85414 47764 76265 65726 159074 142313 27013 94824 60116 187047 166730 57261 19274 112226 85243 133868 180136 115970 150431 95490 136292 117171 170782 11510 186677 27548 152302 149851 5666 169063 137354 71273 178247 198100 17713 186606 31142 144441 15399 17135 107606 152849 34369 22637 132716 76787 31741 72308 78835 102912 53596 3143 47135 190897 6 0 0 0 0 0 0 0 0 0 0 0 0 0 0 0 0 0 0 0 0 0 0 0 0 0 0 
0 75076 43913 118160 44199 171761 159868 165587 59228 29678 1002 133247 128250 103031 24868 103640 138133 122417 1978 71998 66883 149729 53829 159440 75046 63485 65661 119691 174588 108817 6376 137347 150431 104724 144810 9405 117130 63309 46678 146076 90377 79496 132439 64677 113862 93978 31228 9707 126571 35738 61160 192703 24 47131 156585 87708 160148 165324 115547 72826 34515 44087 127744 108857 107193 43885 97216 74689 14 0 0 0 0 0 0 0 0 0 0 0 0 0 0 0 0 0 0 0 0 0 0 0 0 0 0 0 
0 7391 116253 149473 14758 36343 121016 164079 55679 91183 34317 109417 146557 185555 110635 171879 35110 13140 130182 93054 169533 88800 106293 82608 64353 67925 15513 161027 1419 144999 161225 117071 95490 144810 82418 69683 141793 167488 95481 161355 23631 79697 100498 154427 58637 188040 110502 192390 161074 127178 146518 163676 189419 112089 179887 66912 195701 163217 55270 122316 7430 102799 131792 131914 60868 191486 149378 30 0 0 0 0 0 0 0 0 0 0 0 0 0 0 0 0 0 0 0 0 0 0 0 0 0 0 0 0 
0 15184 138205 89537 86629 117797 40719 46757 115573 109084 32181 59180 159608 95242 11949 180197 194420 165091 178676 135915 99294 136240 112276 108239 24417 87878 76079 101128 178235 102220 32709 45888 136292 9405 69683 122434 177340 186259 39160 132990 93761 32953 131939 162395 160992 169782 177938 187367 50132 128805 181877 184127 183195 127470 12154 22456 127652 186778 114538 107012 40232 83509 52313 53962 136913 132634 59 0 0 0 0 0 0 0 0 0 0 0 0 0 0 0 0 0 0 0 0 0 0 0 0 0 0 0 0 0 
0 9663 159403 121711 87748 120103 93730 23114 7790 179705 188338 90162 186941 101581 112079 169037 178327 195357 87041 151046 49279 27365 153751 187475 185974 168628 86552 120352 1775 38531 125048 195002 117171 117130 141793 177340 180152 18540 178676 190191 151947 171700 74873 192076 19153 57348 29110 44464 16646 54627 148753 61226 6526 46978 6075 57739 178845 112247 177335 147820 300 165462 72733 166443 105388 111 0 0 0 0 0 0 0 0 0 0 0 0 0 0 0 0 0 0 0 0 0 0 0 0 0 0 0 0 0 0 
0 87762 128984 23978 146679 196352 3851 40404 173269 147084 191712 40453 100527 57139 99070 107636 153492 24435 175524 31563 170760 39687 70123 63260 45751 93439 153588 101332 7746 17399 129168 173120 170782 63309 167488 186259 18540 116972 34089 31275 146333 1938 90755 78434 136760 136389 23482 43955 139504 2468 51704 142581 1190 136723 186609 167679 196830 147446 82598 72715 9101 23242 164429 184430 198 0 0 0 0 0 0 0 0 0 0 0 0 0 0 0 0 0 0 0 0 0 0 0 0 0 0 0 0 0 0 0 
0 89973 12106 179462 188795 157277 168715 48996 193965 160146 59581 62319 29342 67241 148836 100064 140297 26591 182924 114714 26857 7367 161940 23034 184935 22693 184721 129977 186141 144483 75502 89033 11510 46678 95481 39160 178676 34089 42932 19107 72367 154621 164710 45422 37867 71803 81674 182613 186987 57662 25108 196237 138096 191628 190666 81773 17755 159680 16688 19918 37691 22435 136072 338 0 0 0 0 0 0 0 0 0 0 0 0 0 0 0 0 0 0 0 0 0 0 0 0 0 0 0 0 0 0 0 0 
0 21371 104183 125431 163924 1145 144579 119941 65293 124638 142716 134810 63339 145655 194761 44853 95407 150256 128022 113429 182826 178967 2808 1407 130123 126790 162616 79625 116987 15514 101869 188339 186677 146076 161355 132990 190191 31275 19107 47956 194338 177713 102835 48113 135773 28297 94741 31272 114942 58692 26626 195866 62226 34349 137258 152016 3737 25033 114613 163784 56476 81589 553 0 0 0 0 0 0 0 0 0 0 0 0 0 0 0 0 0 0 0 0 0 0 0 0 0 0 0 0 0 0 0 0 0 
0 197545 67970 58763 10373 162127 156914 88642 40951 156012 85848 38377 152510 198254 103280 144388 30873 30163 160045 48042 66136 47666 190539 40841 93409 165780 119750 142530 93190 44979 21798 127871 27548 90377 23631 93761 151947 146333 72367 194338 110474 149135 21044 98416 175516 186240 113809 189803 195314 84735 148546 142912 179134 135248 133560 87322 5176 198281 130754 3386 48598 866 0 0 0 0 0 0 0 0 0 0 0 0 0 0 0 0 0 0 0 0 0 0 0 0 0 0 0 0 0 0 0 0 0 0 
0 71699 52938 50778 176214 144614 113296 152167 71202 19315 109595 176941 159476 48565 120536 161578 52065 163020 31618 56415 23833 25032 22462 118711 139468 49843 162645 2902 111486 185805 195904 191351 152302 79496 79697 32953 171700 1938 154621 177713 149135 31570 13336 48679 104863 103035 198273 149493 21681 181969 28639 98395 135822 31966 137886 157118 197592 116324 44911 146683 1299 0 0 0 0 0 0 0 0 0 0 0 0 0 0 0 0 0 0 0 0 0 0 0 0 0 0 0 0 0 0 0 0 0 0 0 
0 59828 80526 159236 155572 150402 163732 60936 86696 72838 62668 18395 175191 145536 50294 145878 127032 57012 10133 35435 31723 1749 131992 53847 63323 162589 70133 195370 165915 177590 27816 120033 149851 132439 100498 131939 74873 90755 164710 102835 21044 13336 113282 178272 95940 22493 21382 127295 125231 107399 56579 105535 152739 27022 128887 60182 110102 120975 192868 1869 0 0 0 0 0 0 0 0 0 0 0 0 0 0 0 0 0 0 0 0 0 0 0 0 0 0 0 0 0 0 0 0 0 0 0 0 
0 1917 36154 53969 23847 138540 94419 181117 80540 42000 156762 117312 98724 153663 181960 173940 12194 132674 100901 147685 10356 65996 152016 172773 7192 136985 73323 135231 118393 128731 171453 196319 5666 64677 154427 162395 192076 78434 45422 48113 98416 48679 178272 93462 42612 137197 187038 111567 151314 99342 30398 142612 81075 124548 20234 191802 161300 76033 2582 0 0 0 0 0 0 0 0 0 0 0 0 0 0 0 0 0 0 0 0 0 0 0 0 0 0 0 0 0 0 0 0 0 0 0 0 0 
0 5492 90883 155153 198935 90048 62481 31715 40372 158393 83095 150837 47533 22452 186865 83323 188903 156170 47867 41785 39998 111450 139558 27102 53201 191468 146884 111549 158244 22606 141618 129667 169063 113862 58637 160992 19153 136760 37867 135773 175516 104863 95940 42612 172946 135271 12373 67715 138801 95105 30943 193835 118057 159825 124587 155151 10647 3424 0 0 0 0 0 0 0 0 0 0 0 0 0 0 0 0 0 0 0 0 0 0 0 0 0 0 0 0 0 0 0 0 0 0 0 0 0 0 
0 197522 7051 68109 153641 125282 49779 120060 46980 189725 61553 61883 60669 100665 99239 146217 56788 4857 153459 26362 159751 16606 13551 68719 122619 83456 84097 151650 32567 152431 79318 146385 137354 93978 188040 169782 57348 136389 71803 28297 186240 103035 22493 137197 135271 108110 107157 102810 194661 175369 183903 186839 97974 181889 90412 63310 4358 0 0 0 0 0 0 0 0 0 0 0 0 0 0 0 0 0 0 0 0 0 0 0 0 0 0 0 0 0 0 0 0 0 0 0 0 0 0 0 
0 93490 43027 116910 184470 27752 82675 51752 64840 52310 191531 41496 66844 77558 98823 85596 41727 164641 50544 138562 29602 179659 69151 84894 111177 135610 74286 19540 41512 60005 97590 99066 71273 31228 110502 177938 29110 23482 81674 94741 113809 198273 21382 187038 12373 107157 100650 141090 40392 191361 52042 4370 139072 84263 115973 5326 0 0 0 0 0 0 0 0 0 0 0 0 0 0 0 0 0 0 0 0 0 0 0 0 0 0 0 0 0 0 0 0 0 0 0 0 0 0 0 0 
0 31370 161606 190292 185022 22029 102403 118563 165620 20081 78586 81202 20232 27928 182574 130998 179006 57809 71611 94836 147678 22872 118863 155589 44665 157765 71914 172193 80003 157177 90695 69771 178247 9707 192390 187367 44464 43955 182613 31272 189803 149493 127295 111567 67715 102810 141090 54314 156203 198916 39533 49840 51776 146665 6252 0 0 0 0 0 0 0 0 0 0 0 0 0 0 0 0 0 0 0 0 0 0 0 0 0 0 0 0 0 0 0 0 0 0 0 0 0 0 0 0 0 
0 11949 199588 199044 155066 44936 155562 88496 109801 74623 59830 162183 92237 135606 115616 14575 28190 183350 91639 119274 90584 57364 149425 51644 106093 174423 86744 122555 178744 128301 65811 23949 198100 126571 161074 50132 16646 139504 186987 114942 195314 21681 125231 151314 138801 194661 40392 156203 32934 130578 104085 47672 175034 7050 0 0 0 0 0 0 0 0 0 0 0 0 0 0 0 0 0 0 0 0 0 0 0 0 0 0 0 0 0 0 0 0 0 0 0 0 0 0 0 0 0 0 
0 133326 49959 59691 70411 128705 136062 11845 179105 11217 175456 137804 83901 31312 170919 133810 61116 28288 194729 23355 157236 90373 190338 125836 87211 95179 91384 542 108176 43927 114969 7105 17713 35738 127178 128805 54627 2468 57662 58692 84735 181969 107399 99342 95105 175369 191361 198916 130578 6252 157993 73472 7638 0 0 0 0 0 0 0 0 0 0 0 0 0 0 0 0 0 0 0 0 0 0 0 0 0 0 0 0 0 0 0 0 0 0 0 0 0 0 0 0 0 0 0 
0 37754 14681 61454 59486 164905 176961 82729 54892 24063 60776 108631 77056 139224 152517 141158 37808 116539 163682 52805 40968 110145 154457 89915 22128 26216 57431 26954 139388 96614 183943 84676 186606 61160 146518 181877 148753 51704 25108 26626 148546 28639 56579 30398 30943 183903 52042 39533 104085 157993 136196 7950 0 0 0 0 0 0 0 0 0 0 0 0 0 0 0 0 0 0 0 0 0 0 0 0 0 0 0 0 0 0 0 0 0 0 0 0 0 0 0 0 0 0 0 0 
0 156295 170459 99569 45192 197697 137927 11684 123851 98940 61726 148953 57413 55654 79524 151343 173293 159652 67009 51568 164059 144872 167563 10178 132585 28715 134017 67269 22103 10686 130806 19694 31142 192703 163676 184127 61226 142581 196237 195866 142912 98395 105535 142612 193835 186839 4370 49840 47672 73472 7950 0 0 0 0 0 0 0 0 0 0 0 0 0 0 0 0 0 0 0 0 0 0 0 0 0 0 0 0 0 0 0 0 0 0 0 0 0 0 0 0 0 0 0 0 0 
0 19028 121552 155600 152761 170385 13138 177785 11597 105011 127246 82971 118978 12427 151350 3908 14792 22336 100554 45433 37204 151350 169097 153911 72336 108832 136255 152879 68612 54772 105703 93440 144441 24 189419 183195 6526 1190 138096 62226 179134 135822 152739 81075 118057 97974 139072 51776 175034 7638 0 0 0 0 0 0 0 0 0 0 0 0 0 0 0 0 0 0 0 0 0 0 0 0 0 0 0 0 0 0 0 0 0 0 0 0 0 0 0 0 0 0 0 0 0 0 
0 133108 198293 120351 166953 166648 5128 113100 16155 164332 100571 152092 110560 37837 8744 161961 6872 144413 38803 78979 12057 68289 57423 5071 50230 65507 76439 20240 121801 151258 38522 170725 15399 47131 112089 127470 46978 136723 191628 34349 135248 31966 27022 124548 159825 181889 84263 146665 7050 0 0 0 0 0 0 0 0 0 0 0 0 0 0 0 0 0 0 0 0 0 0 0 0 0 0 0 0 0 0 0 0 0 0 0 0 0 0 0 0 0 0 0 0 0 0 0 
0 181101 151711 28317 186163 151427 163748 5906 122919 66134 138131 15398 12340 179505 5045 115153 141710 144522 79653 181682 63505 135961 66256 199158 86267 194548 32570 107333 11984 160702 168335 110894 17135 156585 179887 12154 6075 186609 190666 137258 133560 137886 128887 20234 124587 90412 115973 6252 0 0 0 0 0 0 0 0 0 0 0 0 0 0 0 0 0 0 0 0 0 0 0 0 0 0 0 0 0 0 0 0 0 0 0 0 0 0 0 0 0 0 0 0 0 0 0 0 
0 139847 149197 32564 151958 178125 67322 52971 194984 189689 47295 109922 17667 112326 74299 83808 94673 39890 193895 148270 94800 103544 177435 136743 86465 185450 7233 5992 1845 131143 150497 35762 107606 87708 66912 22456 57739 167679 81773 152016 87322 157118 60182 191802 155151 63310 5326 0 0 0 0 0 0 0 0 0 0 0 0 0 0 0 0 0 0 0 0 0 0 0 0 0 0 0 0 0 0 0 0 0 0 0 0 0 0 0 0 0 0 0 0 0 0 0 0 0 
0 166350 23001 59198 89318 151575 118506 148453 140318 127739 74531 43533 111781 3015 159516 7637 73423 34476 183071 61839 183108 133202 14696 83431 59105 3287 68288 142725 99491 101171 164962 107923 152849 160148 195701 127652 178845 196830 17755 3737 5176 197592 110102 161300 10647 4358 0 0 0 0 0 0 0 0 0 0 0 0 0 0 0 0 0 0 0 0 0 0 0 0 0 0 0 0 0 0 0 0 0 0 0 0 0 0 0 0 0 0 0 0 0 0 0 0 0 0 
0 93268 66400 86928 10826 78438 194478 192540 18247 22692 50631 179101 86360 151317 101909 16095 9850 30575 148449 176412 133286 180512 111348 188562 1408 1914 66265 115826 50585 49712 93530 127470 34369 165324 163217 186778 112247 147446 159680 25033 198281 116324 120975 76033 3424 0 0 0 0 0 0 0 0 0 0 0 0 0 0 0 0 0 0 0 0 0 0 0 0 0 0 0 0 0 0 0 0 0 0 0 0 0 0 0 0 0 0 0 0 0 0 0 0 0 0 0 
0 173096 38137 95307 131821 62673 188689 23292 34764 29047 175282 79823 95014 160085 112725 13118 106829 96906 76761 44428 101934 93654 139445 567 53438 92222 154588 87119 17402 23024 56563 141500 22637 115547 55270 114538 177335 82598 16688 114613 130754 44911 192868 2582 0 0 0 0 0 0 0 0 0 0 0 0 0 0 0 0 0 0 0 0 0 0 0 0 0 0 0 0 0 0 0 0 0 0 0 0 0 0 0 0 0 0 0 0 0 0 0 0 0 0 0 0 
0 104106 17079 75784 100874 154198 2408 186956 66075 154786 199970 66295 5534 187336 113511 165560 54318 50085 27581 98910 177123 109109 117457 72915 134713 111460 32156 56377 135254 128282 4223 136238 132716 72826 122316 107012 147820 72715 19918 163784 3386 146683 1869 0 0 0 0 0 0 0 0 0 0 0 0 0 0 0 0 0 0 0 0 0 0 0 0 0 0 0 0 0 0 0 0 0 0 0 0 0 0 0 0 0 0 0 0 0 0 0 0 0 0 0 0 0 
0 149443 5958 150893 57911 129018 164776 177331 190480 166097 82422 55269 190646 133485 147760 74826 111888 68964 169160 46869 98003 45196 3459 5057 180934 101761 167218 85624 57489 158009 147240 73121 76787 34515 7430 40232 300 9101 37691 56476 48598 1299 0 0 0 0 0 0 0 0 0 0 0 0 0 0 0 0 0 0 0 0 0 0 0 0 0 0 0 0 0 0 0 0 0 0 0 0 0 0 0 0 0 0 0 0 0 0 0 0 0 0 0 0 0 0 
0 176767 51696 142896 115268 130398 37732 15555 8812 42363 9211 84952 26696 85348 57459 77972 85057 11261 94061 104368 81732 71211 1854 176026 120704 103007 83770 55870 33737 94499 136561 96340 31741 44087 102799 83509 165462 23242 22435 81589 866 0 0 0 0 0 0 0 0 0 0 0 0 0 0 0 0 0 0 0 0 0 0 0 0 0 0 0 0 0 0 0 0 0 0 0 0 0 0 0 0 0 0 0 0 0 0 0 0 0 0 0 0 0 0 0 
0 184455 86652 156489 83960 12928 70383 46913 107196 40703 112288 67109 69249 22081 99863 20915 160332 39328 191454 64801 62692 197361 155288 143872 92986 181874 135289 50998 26983 140333 99839 88262 72308 127744 131792 52313 72733 164429 136072 553 0 0 0 0 0 0 0 0 0 0 0 0 0 0 0 0 0 0 0 0 0 0 0 0 0 0 0 0 0 0 0 0 0 0 0 0 0 0 0 0 0 0 0 0 0 0 0 0 0 0 0 0 0 0 0 0 
0 75591 50209 136321 181480 47611 152928 28231 153640 55009 197922 89705 146210 166101 36980 135565 68213 94431 102684 148245 63664 104210 63954 79656 57499 41648 156871 27879 147248 188635 171740 136154 78835 108857 131914 53962 166443 184430 338 0 0 0 0 0 0 0 0 0 0 0 0 0 0 0 0 0 0 0 0 0 0 0 0 0 0 0 0 0 0 0 0 0 0 0 0 0 0 0 0 0 0 0 0 0 0 0 0 0 0 0 0 0 0 0 0 0 
0 127782 150360 161023 196674 142296 31259 172628 83175 28274 144398 162037 22113 86996 30125 187671 157316 145169 13783 95391 182290 21317 126230 186072 130152 17805 195634 91677 172727 190166 169597 19743 102912 107193 60868 136913 105388 198 0 0 0 0 0 0 0 0 0 0 0 0 0 0 0 0 0 0 0 0 0 0 0 0 0 0 0 0 0 0 0 0 0 0 0 0 0 0 0 0 0 0 0 0 0 0 0 0 0 0 0 0 0 0 0 0 0 0 
0 127350 42531 93594 196394 49316 166185 34096 128535 85931 94068 138176 3811 124870 97303 55620 186293 25535 151830 19741 106662 69544 101462 9272 56677 26419 24743 160370 8196 129974 134255 102973 53596 43885 191486 132634 111 0 0 0 0 0 0 0 0 0 0 0 0 0 0 0 0 0 0 0 0 0 0 0 0 0 0 0 0 0 0 0 0 0 0 0 0 0 0 0 0 0 0 0 0 0 0 0 0 0 0 0 0 0 0 0 0 0 0 0 
0 114501 73649 113680 95342 197400 113916 50765 32114 37640 113566 188338 26129 19460 39672 73760 49362 110479 190083 55793 190630 35856 70831 72363 89755 101825 104148 194175 3680 152207 109064 65561 3143 97216 149378 59 0 0 0 0 0 0 0 0 0 0 0 0 0 0 0 0 0 0 0 0 0 0 0 0 0 0 0 0 0 0 0 0 0 0 0 0 0 0 0 0 0 0 0 0 0 0 0 0 0 0 0 0 0 0 0 0 0 0 0 0 
0 34449 45869 40697 30145 99539 40978 133710 34865 70032 143688 37687 39902 125997 112616 193038 111631 121688 124307 112454 35107 22537 90788 7035 146119 103086 179524 119687 52451 78225 175256 25718 47135 74689 30 0 0 0 0 0 0 0 0 0 0 0 0 0 0 0 0 0 0 0 0 0 0 0 0 0 0 0 0 0 0 0 0 0 0 0 0 0 0 0 0 0 0 0 0 0 0 0 0 0 0 0 0 0 0 0 0 0 0 0 0 0 
0 102178 54946 49111 140272 176193 155258 167822 35227 105869 122043 54312 16596 12895 129889 177231 67865 144974 18270 81598 150012 79202 190371 94936 192151 81911 100177 74868 8810 46006 41366 180019 190897 14 0 0 0 0 0 0 0 0 0 0 0 0 0 0 0 0 0 0 0 0 0 0 0 0 0 0 0 0 0 0 0 0 0 0 0 0 0 0 0 0 0 0 0 0 0 0 0 0 0 0 0 0 0 0 0 0 0 0 0 0 0 0 
0 36102 101445 38541 175071 34944 14807 153627 165397 136741 66810 43861 96394 177774 171783 117911 22346 4567 56894 147798 188001 73496 36596 64992 28909 183890 28625 191735 7178 123525 144126 51731 6 0 0 0 0 0 0 0 0 0 0 0 0 0 0 0 0 0 0 0 0 0 0 0 0 0 0 0 0 0 0 0 0 0 0 0 0 0 0 0 0 0 0 0 0 0 0 0 0 0 0 0 0 0 0 0 0 0 0 0 0 0 0 0 
0 36253 38798 155439 86083 148900 117707 66054 105709 52192 559 70440 13525 96133 78996 39640 186568 161844 108121 69159 119854 89399 87389 9636 55266 166894 156306 150635 108097 101154 196406 2 0 0 0 0 0 0 0 0 0 0 0 0 0 0 0 0 0 0 0 0 0 0 0 0 0 0 0 0 0 0 0 0 0 0 0 0 0 0 0 0 0 0 0 0 0 0 0 0 0 0 0 0 0 0 0 0 0 0 0 0 0 0 0 0 
0 49126 193014 143689 134223 36978 137091 110571 91679 62929 67206 122126 159338 120385 87928 68550 122707 146258 137784 163961 168400 166217 145886 49587 45792 41537 175951 104551 40461 81368 0 0 0 0 0 0 0 0 0 0 0 0 0 0 0 0 0 0 0 0 0 0 0 0 0 0 0 0 0 0 0 0 0 0 0 0 0 0 0 0 0 0 0 0 0 0 0 0 0 0 0 0 0 0 0 0 0 0 0 0 0 0 0 0 0 0 
0 53423 99822 174686 154196 105429 85400 85095 198641 160632 169314 137362 40064 171030 162813 70994 109016 55525 196498 19711 131329 93853 136492 65538 73196 76039 103075 173134 32088 0 0 0 0 0 0 0 0 0 0 0 0 0 0 0 0 0 0 0 0 0 0 0 0 0 0 0 0 0 0 0 0 0 0 0 0 0 0 0 0 0 0 0 0 0 0 0 0 0 0 0 0 0 0 0 0 0 0 0 0 0 0 0 0 0 0 0 
0 118054 38185 89758 105857 114264 40424 30423 17847 71164 91300 120010 161839 148841 86026 81045 101228 43617 4927 140213 59403 64810 131137 98382 92013 71901 106965 12032 0 0 0 0 0 0 0 0 0 0 0 0 0 0 0 0 0 0 0 0 0 0 0 0 0 0 0 0 0 0 0 0 0 0 0 0 0 0 0 0 0 0 0 0 0 0 0 0 0 0 0 0 0 0 0 0 0 0 0 0 0 0 0 0 0 0 0 0 
0 195045 13417 146817 137768 142495 76473 56506 191362 11255 120550 131236 166933 97511 127872 81074 89012 1147 179780 168886 31454 117177 89923 48168 15419 66769 4285 0 0 0 0 0 0 0 0 0 0 0 0 0 0 0 0 0 0 0 0 0 0 0 0 0 0 0 0 0 0 0 0 0 0 0 0 0 0 0 0 0 0 0 0 0 0 0 0 0 0 0 0 0 0 0 0 0 0 0 0 0 0 0 0 0 0 0 0 0 
0 113695 58022 167748 137432 72734 53230 91075 66081 36283 147465 116706 140137 52193 31554 63989 184033 60219 116756 26994 4642 149844 187294 29116 118953 1447 0 0 0 0 0 0 0 0 0 0 0 0 0 0 0 0 0 0 0 0 0 0 0 0 0 0 0 0 0 0 0 0 0 0 0 0 0 0 0 0 0 0 0 0 0 0 0 0 0 0 0 0 0 0 0 0 0 0 0 0 0 0 0 0 0 0 0 0 0 0 
0 27440 116474 13496 190547 163549 111286 38167 166538 129696 55560 9886 176352 34802 6611 196808 178180 15797 182480 1175 53292 188443 192541 148479 462 0 0 0 0 0 0 0 0 0 0 0 0 0 0 0 0 0 0 0 0 0 0 0 0 0 0 0 0 0 0 0 0 0 0 0 0 0 0 0 0 0 0 0 0 0 0 0 0 0 0 0 0 0 0 0 0 0 0 0 0 0 0 0 0 0 0 0 0 0 0 0 
0 91007 121408 33837 113871 141532 3012 181130 24177 72369 69722 154473 16020 185343 130991 114114 66483 125029 100278 63323 175907 45306 95612 139 0 0 0 0 0 0 0 0 0 0 0 0 0 0 0 0 0 0 0 0 0 0 0 0 0 0 0 0 0 0 0 0 0 0 0 0 0 0 0 0 0 0 0 0 0 0 0 0 0 0 0 0 0 0 0 0 0 0 0 0 0 0 0 0 0 0 0 0 0 0 0 0 
0 30148 24255 105736 163197 5389 32296 20379 178949 140617 35645 88003 34079 128609 75293 161004 116889 164997 90127 134315 19559 116986 39 0 0 0 0 0 0 0 0 0 0 0 0 0 0 0 0 0 0 0 0 0 0 0 0 0 0 0 0 0 0 0 0 0 0 0 0 0 0 0 0 0 0 0 0 0 0 0 0 0 0 0 0 0 0 0 0 0 0 0 0 0 0 0 0 0 0 0 0 0 0 0 0 0 
0 43901 125789 52430 113097 168738 47721 51957 29806 81036 31795 15062 81325 112549 121206 153248 85127 37591 184843 181688 40252 10 0 0 0 0 0 0 0 0 0 0 0 0 0 0 0 0 0 0 0 0 0 0 0 0 0 0 0 0 0 0 0 0 0 0 0 0 0 0 0 0 0 0 0 0 0 0 0 0 0 0 0 0 0 0 0 0 0 0 0 0 0 0 0 0 0 0 0 0 0 0 0 0 0 0 
0 171214 69681 52396 69303 89096 138124 88717 5674 94762 186718 155628 1905 95895 4372 122493 58246 39776 137600 105883 2 0 0 0 0 0 0 0 0 0 0 0 0 0 0 0 0 0 0 0 0 0 0 0 0 0 0 0 0 0 0 0 0 0 0 0 0 0 0 0 0 0 0 0 0 0 0 0 0 0 0 0 0 0 0 0 0 0 0 0 0 0 0 0 0 0 0 0 0 0 0 0 0 0 0 0 
0 83371 86310 82599 94455 21132 101654 42996 9476 88506 194454 165262 64384 118211 41436 160922 87955 69240 23823 0 0 0 0 0 0 0 0 0 0 0 0 0 0 0 0 0 0 0 0 0 0 0 0 0 0 0 0 0 0 0 0 0 0 0 0 0 0 0 0 0 0 0 0 0 0 0 0 0 0 0 0 0 0 0 0 0 0 0 0 0 0 0 0 0 0 0 0 0 0 0 0 0 0 0 0 0 
0 60325 174880 33127 186230 53188 77259 134153 75408 154940 94476 3804 24920 181960 109295 142214 151949 4999 0 0 0 0 0 0 0 0 0 0 0 0 0 0 0 0 0 0 0 0 0 0 0 0 0 0 0 0 0 0 0 0 0 0 0 0 0 0 0 0 0 0 0 0 0 0 0 0 0 0 0 0 0 0 0 0 0 0 0 0 0 0 0 0 0 0 0 0 0 0 0 0 0 0 0 0 0 0 
0 182622 39831 9252 22106 175444 117133 52778 88287 195736 19975 10660 65653 107571 195013 174137 974 0 0 0 0 0 0 0 0 0 0 0 0 0 0 0 0 0 0 0 0 0 0 0 0 0 0 0 0 0 0 0 0 0 0 0 0 0 0 0 0 0 0 0 0 0 0 0 0 0 0 0 0 0 0 0 0 0 0 0 0 0 0 0 0 0 0 0 0 0 0 0 0 0 0 0 0 0 0 0 
0 479 48416 56221 63877 57658 100201 115880 148987 40719 30200 100268 85432 76327 89613 175 0 0 0 0 0 0 0 0 0 0 0 0 0 0 0 0 0 0 0 0 0 0 0 0 0 0 0 0 0 0 0 0 0 0 0 0 0 0 0 0 0 0 0 0 0 0 0 0 0 0 0 0 0 0 0 0 0 0 0 0 0 0 0 0 0 0 0 0 0 0 0 0 0 0 0 0 0 0 0 0 
0 138673 168006 23709 126556 53583 151135 45748 22925 146094 192890 27853 153762 187679 28 0 0 0 0 0 0 0 0 0 0 0 0 0 0 0 0 0 0 0 0 0 0 0 0 0 0 0 0 0 0 0 0 0 0 0 0 0 0 0 0 0 0 0 0 0 0 0 0 0 0 0 0 0 0 0 0 0 0 0 0 0 0 0 0 0 0 0 0 0 0 0 0 0 0 0 0 0 0 0 0 0 
0 192566 139381 63290 178993 20654 170289 131300 32573 76894 179748 196370 111201 3 0 0 0 0 0 0 0 0 0 0 0 0 0 0 0 0 0 0 0 0 0 0 0 0 0 0 0 0 0 0 0 0 0 0 0 0 0 0 0 0 0 0 0 0 0 0 0 0 0 0 0 0 0 0 0 0 0 0 0 0 0 0 0 0 0 0 0 0 0 0 0 0 0 0 0 0 0 0 0 0 0 0 
0 17899 154961 64383 56774 16877 106835 21255 35060 109509 125159 14222 0 0 0 0 0 0 0 0 0 0 0 0 0 0 0 0 0 0 0 0 0 0 0 0 0 0 0 0 0 0 0 0 0 0 0 0 0 0 0 0 0 0 0 0 0 0 0 0 0 0 0 0 0 0 0 0 0 0 0 0 0 0 0 0 0 0 0 0 0 0 0 0 0 0 0 0 0 0 0 0 0 0 0 0 
0 130518 68146 167476 161696 171658 84224 64890 161795 54326 1634 0 0 0 0 0 0 0 0 0 0 0 0 0 0 0 0 0 0 0 0 0 0 0 0 0 0 0 0 0 0 0 0 0 0 0 0 0 0 0 0 0 0 0 0 0 0 0 0 0 0 0 0 0 0 0 0 0 0 0 0 0 0 0 0 0 0 0 0 0 0 0 0 0 0 0 0 0 0 0 0 0 0 0 0 0 
0 189412 12896 173695 135075 86603 54424 8324 186758 166 0 0 0 0 0 0 0 0 0 0 0 0 0 0 0 0 0 0 0 0 0 0 0 0 0 0 0 0 0 0 0 0 0 0 0 0 0 0 0 0 0 0 0 0 0 0 0 0 0 0 0 0 0 0 0 0 0 0 0 0 0 0 0 0 0 0 0 0 0 0 0 0 0 0 0 0 0 0 0 0 0 0 0 0 0 0 
0 105763 123005 60732 10633 54743 56741 19183 14 0 0 0 0 0 0 0 0 0 0 0 0 0 0 0 0 0 0 0 0 0 0 0 0 0 0 0 0 0 0 0 0 0 0 0 0 0 0 0 0 0 0 0 0 0 0 0 0 0 0 0 0 0 0 0 0 0 0 0 0 0 0 0 0 0 0 0 0 0 0 0 0 0 0 0 0 0 0 0 0 0 0 0 0 0 0 0 
0 181368 45793 73688 51322 14263 14612 1 0 0 0 0 0 0 0 0 0 0 0 0 0 0 0 0 0 0 0 0 0 0 0 0 0 0 0 0 0 0 0 0 0 0 0 0 0 0 0 0 0 0 0 0 0 0 0 0 0 0 0 0 0 0 0 0 0 0 0 0 0 0 0 0 0 0 0 0 0 0 0 0 0 0 0 0 0 0 0 0 0 0 0 0 0 0 0 0 
0 79624 137884 175319 161067 802 0 0 0 0 0 0 0 0 0 0 0 0 0 0 0 0 0 0 0 0 0 0 0 0 0 0 0 0 0 0 0 0 0 0 0 0 0 0 0 0 0 0 0 0 0 0 0 0 0 0 0 0 0 0 0 0 0 0 0 0 0 0 0 0 0 0 0 0 0 0 0 0 0 0 0 0 0 0 0 0 0 0 0 0 0 0 0 0 0 0 
0 79760 177725 20468 34 0 0 0 0 0 0 0 0 0 0 0 0 0 0 0 0 0 0 0 0 0 0 0 0 0 0 0 0 0 0 0 0 0 0 0 0 0 0 0 0 0 0 0 0 0 0 0 0 0 0 0 0 0 0 0 0 0 0 0 0 0 0 0 0 0 0 0 0 0 0 0 0 0 0 0 0 0 0 0 0 0 0 0 0 0 0 0 0 0 0 0 
0 87933 4740 1 0 0 0 0 0 0 0 0 0 0 0 0 0 0 0 0 0 0 0 0 0 0 0 0 0 0 0 0 0 0 0 0 0 0 0 0 0 0 0 0 0 0 0 0 0 0 0 0 0 0 0 0 0 0 0 0 0 0 0 0 0 0 0 0 0 0 0 0 0 0 0 0 0 0 0 0 0 0 0 0 0 0 0 0 0 0 0 0 0 0 0 0 
