0 0 0 0 0 0 0 0 0 0 0 0 0 0 0 0 0 0 0 0 0 0 0 0 0 0 0 0 0 0 0 0 0 0 0 0 0 0 0 0 0 0 0 0 0 0 0 0 0 0 0 0 0 0 0 0 0 0 0 0 0 0 0 0 0 0 0 0 0 0 0 0 0 0 0 0 0 0 0 0 0 0 0 0 0 0 0 0 0 0 0 0 0 0 0 0 0 0 0 0 0 0 0 0 0 0 0 0 0 0 0 0 0 0 0 0 0 0 0 0 0 0 0 0 0 0 0 0 0 0 0 0 0 0 0 0 0 0 0 0 0 0 0 0 0 0 0 0 0 0 0 0 0 0 0 0 0 0 0 0 0 0 0 0 0 0 0 0 0 0 0 0 0 0 0 0 0 0 0 0 0 0 0 0 0 0 0 0 0 0 0 0 0 0 0 0 0 0 0 0 0 0 0 0 0 0 0 0 0 0 0 0 0 0 0 0 0 0 0 0 0 0 0 0 0 0 0 0 0 0 0 0 0 0 0 0 0 0 0 0 0 0 0 0 0 0 0 0 0 0 0 0 0 0 0 0 0 0 0 0 0 0 0 0 0 0 0 0 0 0 0 0 0 0 0 0 0 0 0 0 0 0 0 0 0 0 0 0 0 0 0 0 0 0 0 0 0 0 0 0 0 0 0 0 0 0 
0 0.659326 1.82788 3.09979 0.392069 0.675095 1.4561 1.51173 2.97098 2.6504 0.943235 1.94655 1.15042 1.934 0.381938 2.21127 0.87999 2.08879 2.71099 1.69805 1.59541 1.43453 0.0134368 0.855732 0.780566 0.909689 0.999183 0.288201 1.02007 1.5194 2.94997 1.44932 2.48238 0.5938 0.864179 2.69622 1.31261 1.62954 2.28939 0.608931 2.4532 2.66646 1.13904 3.07511 1.94963 0.91849 1.62026 1.81947 2.12786 1.26346 1.8762 0.556704 2.19316 2.80706 1.5075 1.9347 2.62162 2.15706 0.605746 2.80673 1.12834 0.382407 0.606825 0.35291 2.41502 2.52837 2.73439 1.81801 1.23502 1.41133 1.4704 3.00814 1.42181 1.21695 2.71345 1.23155 0.207995 0.187127 1.66817 2.22334 0.493931 0.312443 3.01638 0.452179 0.180419 0.604186 0.839143 1.79539 0.240909 0.308741 1.88961 1.19093 0.767606 2.88904 3.03037 2.00689 0.447791 1.19783 2.48238 1.13995 0.710418 2.3578 2.00557 0.0109579 1.82447 3.0453 2.24887 0.251201 2.30191 1.76081 1.74785 1.91825 1.09585 0.532759 0.753904 2.6597 0.0573808 0.295199 2.96195 0.851718 0.685319 0.503166 2.27249 2.40755 0.564353 2.14284 2.546 1.53972 2.29429 1.83292 1.9581 0.350327 0.873012 2.43566 0.964713 3.07803 1.0226 2.76514 1.2596 1.45514 0.512265 2.92848 0.565628 0.220271 0.200432 0.183874 1.85322 2.26441 1.46979 0.441496 0.424206 2.90784 1.94533 0.170877 0.576135 0.740954 1.89231 2.45394 0.944932 2.05602 1.8059 2.95948 1.99173 0.729712 1.78533 1.1034 2.53145 2.10251 0.345223 2.24837 2.29718 0.426399 2.09997 1.68042 1.58503 0.50007 2.99274 0.799849 1.89925 0.699997 1.99993 1.69999 0.899994 1.4 2.6 0.2 0.9 2.8 1.7 0.5 0.6 2.5 1.1 2.3 1.5 2.9 1.8 3 2.8 0.5 0.7 0.3 1.5 1.9 1 0 0 0 0 0 0 0 0 0 0 0 0 0 0 0 0 0 0 0 0 0 0 0 0 0 0 0 0 0 0 0 0 0 0 0 0 0 0 0 0 0 0 0 0 0 0 0 0 0 0 0 0 0 0 0 0 0 0 0 0 0 0 0 0 0 0 0 0 0 0 0 0 0 0 0 0 0 0 0 0 0 0 0 0 0 0 0 0 0 0 0 0 0 0 0 0 0 0 0 0 0 
0 1.82788 3.06739 0.664063 0.475569 1.46889 2.75364 2.26736 1.24623 2.25323 1.5383 1.65687 1.66086 2.04435 0.820954 0.476265 2.94145 3.01968 2.73003 0.864213 0.647306 2.62445 1.53412 0.938609 0.463796 0.132009 2.94873 1.69445 2.38123 0.680509 1.46036 0.758042 1.78931 2.78942 2.18834 0.322349 2.60579 0.068887 1.58509 2.6879 1.74115 0.564688 1.46193 2.92706 1.42101 0.76112 1.82556 1.41851 1.6223 0.331695 1.94518 2.71775 1.69324 1.12844 1.4854 3.01483 0.873704 0.321408 1.0215 1.0469 0.453815 0.213345 1.25789 0.653764 1.05833 1.33477 3.01659 1.55972 1.89586 3.06569 1.46464 2.80745 0.132561 0.514547 1.20025 3.04165 0.767247 2.39242 1.04105 0.930906 0.566464 1.32325 1.8551 1.62358 1.68922 1.56335 1.88461 2.79719 1.16653 2.03429 0.651553 0.983077 2.19338 0.12711 1.02387 2.61257 0.420101 0.217723 2.40727 1.16961 2.63387 1.92479 1.3641 2.82121 2.86365 0.715071 0.176931 0.112005 1.22734 2.65311 2.24592 0.0564545 2.30941 2.82953 1.28506 1.04109 1.12567 1.70691 1.85484 0.647943 1.21413 0.147259 2.71927 0.514097 1.02614 1.82493 1.16607 1.5245 2.06407 0.0176964 2.74717 0.716021 2.47137 1.38126 0.342501 0.138058 0.0668705 0.130105 2.14528 2.16476 2.07765 2.99637 0.937882 1.17552 2.38902 0.294355 0.0685528 0.985305 2.91499 1.96865 2.15205 1.05788 1.51697 2.88193 0.561888 2.09663 1.36649 1.23703 2.82016 2.85793 0.974467 2.94274 1.64259 2.79562 2.47427 0.829242 0.0196447 1.63293 2.13859 2.25802 2.27027 1.01991 2.30573 2.63895 1.02642 2.0486 2.13619 2.09743 3.07916 2.78491 1.60004 3.09844 2.49985 2.89986 2.59997 2.90001 1.6 1.5 0.7 1.1 1.7 1.8 0.4 0.3 1.6 1.3 3.1 0.8 0.5 0.1 2.5 2.4 1.9 2.4 1.3 2.9 1.7 3 0 0 0 0 0 0 0 0 0 0 0 0 0 0 0 0 0 0 0 0 0 0 0 0 0 0 0 0 0 0 0 0 0 0 0 0 0 0 0 0 0 0 0 0 0 0 0 0 0 0 0 0 0 0 0 0 0 0 0 0 0 0 0 0 0 0 0 0 0 0 0 0 0 0 0 0 0 0 0 0 0 0 0 0 0 0 0 0 0 0 0 0 0 0 0 0 0 0 
0 3.09979 0.664063 2.46782 0.462692 0.384777 1.62958 1.84447 0.153569 1.44739 2.22647 0.441784 2.60989 1.53496 2.39107 0.869019 1.9507 1.482 2.44265 1.98925 0.078947 1.94064 2.73026 0.729047 2.55421 2.05294 2.25503 2.81791 0.415303 0.507843 0.547016 2.20287 0.753251 2.22137 2.8729 1.39156 1.78074 2.27338 1.58597 1.90639 0.498642 2.21115 0.561603 1.69787 2.82142 1.17379 0.743962 2.74891 2.726 2.86213 0.975524 3.07655 0.0221878 0.26978 1.75821 2.27106 1.37326 0.373154 0.159891 1.66014 1.78289 0.327008 1.73865 2.47902 1.72895 0.00831161 0.19106 2.97259 0.543643 2.33921 0.189795 0.415463 1.35084 0.455406 0.539496 1.81228 1.25266 2.31466 0.864127 3.06166 3.05635 2.18151 2.30138 2.31526 1.74521 0.989993 0.528338 0.0277724 1.52467 0.309591 1.24814 0.837282 0.556008 1.37389 1.51322 1.35504 0.612888 1.55272 1.151 1.38588 1.1561 2.93888 1.64093 0.361769 2.82594 0.609318 2.83442 0.211454 1.39494 2.53998 2.99461 0.663223 1.8246 2.47495 1.67681 2.03461 1.05073 3.03627 1.93717 2.56418 0.059538 0.815731 2.84602 2.24245 0.491288 2.63083 0.569012 2.60202 1.97833 1.52038 2.20767 2.79411 0.982507 0.318039 1.69336 0.552687 1.87607 1.97071 2.79747 0.184 0.294289 2.13926 0.802814 2.61325 1.12697 0.230048 2.10566 1.70664 2.97648 1.21592 0.5698 1.05663 2.77897 0.743675 0.838973 2.77385 2.23181 2.64672 2.54463 2.12305 2.13109 1.27616 2.12679 2.91332 2.38503 1.50287 0.992152 1.6047 2.59707 0.125542 1.57402 1.75721 1.55616 0.825312 1.98853 0.820996 0.913882 2.0041 3.05787 0.724406 0.000564296 2.07906 1.18492 1.99998 1.09852 1.29981 1.49983 1.69996 1.10001 0.0999976 2 2 0.8 2.1 2.4 2.1 1.7 2.3 0.7 2.3 3.1 1.2 2.3 0.8 2.3 0.1 2.8 1.8 1.7 0.6 0.9 1 0 0 0 0 0 0 0 0 0 0 0 0 0 0 0 0 0 0 0 0 0 0 0 0 0 0 0 0 0 0 0 0 0 0 0 0 0 0 0 0 0 0 0 0 0 0 0 0 0 0 0 0 0 0 0 0 0 0 0 0 0 0 0 0 0 0 0 0 0 0 0 0 0 0 0 0 0 0 0 0 0 0 0 0 0 0 0 0 0 0 0 0 0 0 
0 0.392069 0.475569 0.462692 2.93268 2.51758 2.24654 1.18858 0.937379 1.3957 1.95997 1.64017 1.181 3.01898 2.94662 1.90729 2.31249 2.34345 1.56873 0.464901 2.97127 2.73919 1.99192 1.17376 3.07136 0.290218 1.19361 2.30337 0.106485 2.80893 0.999828 2.82527 2.6578 3.02698 1.90552 2.70658 0.736301 2.54061 0.625064 1.72154 2.05608 0.527397 0.556855 0.517521 3.05362 1.36731 1.50411 0.656148 1.79478 0.835816 2.6212 0.124824 2.16078 1.68235 0.485591 2.47508 1.10406 1.0626 1.30668 1.20093 2.38264 1.15707 0.0616844 0.943243 0.204024 2.77338 2.5815 0.0974021 1.55894 0.190722 2.12368 0.093048 1.44842 2.14375 2.53573 2.37743 2.93644 2.31616 1.92056 2.58281 2.57369 1.90285 1.8146 3.02782 1.4951 0.395437 2.78172 2.85821 2.77621 2.53284 1.93706 2.23704 0.452611 1.26355 2.85372 0.431223 0.547145 0.857374 1.83791 2.88059 0.472657 2.39757 2.75567 1.96409 2.51335 2.09428 3.0957 1.58766 2.56687 1.40609 2.68769 2.20564 2.01333 2.65623 1.03959 0.62427 2.18588 3.09686 0.237568 2.0614 3.07216 1.78567 0.709318 0.157681 2.85258 1.87592 0.111624 0.365561 2.50946 0.137187 0.890947 0.908313 2.02025 0.900417 1.53977 2.31795 1.392 0.593084 1.48673 2.32999 3.08323 0.0359625 1.2704 1.21288 2.26091 0.261135 1.19079 2.19243 0.0662807 0.408779 1.11513 0.135429 0.563175 0.813983 0.811567 0.248872 0.934216 0.373932 0.963391 0.210716 2.81919 2.52814 0.196752 1.25101 3.02148 0.177261 2.46822 1.20002 0.714195 1.77938 2.86728 1.53047 1.60775 0.167952 1.91142 1.17797 1.72565 0.685822 1.05466 1.30178 1.58367 0.493919 1.42071 2.51245 1.25805 1.19608 1.09971 2.99973 2.79999 0.899983 1.29998 2.8 3 2.1 1.5 1.4 1.7 2.8 0.6 3.1 2.9 0.8 0.8 0.4 0.5 2.7 1.5 1.4 0.1 0.6 2.7 2 0.7 3 0 0 0 0 0 0 0 0 0 0 0 0 0 0 0 0 0 0 0 0 0 0 0 0 0 0 0 0 0 0 0 0 0 0 0 0 0 0 0 0 0 0 0 0 0 0 0 0 0 0 0 0 0 0 0 0 0 0 0 0 0 0 0 0 0 0 0 0 0 0 0 0 0 0 0 0 0 0 0 0 0 0 0 0 0 0 0 0 0 0 0 0 
0 0.675095 1.46889 0.384777 2.51758 1.22986 1.55709 3.06722 0.0794881 2.453 2.03628 0.923406 1.83196 1.1694 0.658398 1.87185 0.636865 3.02976 2.42414 1.03032 0.0179449 0.521613 2.66014 0.862832 1.83434 2.61429 1.41194 0.422198 0.190777 2.33768 0.75077 2.19879 1.10691 1.17067 2.69323 2.72227 1.92206 0.418822 1.79914 2.86538 0.772229 0.208583 0.368008 1.88854 2.96247 2.34836 2.36869 0.152355 1.35613 1.34712 0.472521 2.53118 0.913745 3.06132 2.95132 3.02881 2.54618 2.57472 0.807847 0.136504 0.644142 2.51295 1.21645 0.864657 1.49507 0.0224325 2.57592 1.58292 1.85806 1.87749 2.84124 3.04963 1.05882 0.732036 0.836925 1.59022 1.356 2.29773 0.536346 1.63849 1.50539 0.231219 2.84783 1.38087 0.011026 1.29233 1.01751 2.62172 1.19894 1.70009 2.96915 1.221 0.875916 0.332802 1.14256 0.670094 1.81444 3.02816 2.44532 3.09609 2.63822 0.310184 0.201213 1.89369 0.305142 1.27035 1.50423 2.19588 0.510918 1.7329 2.65909 0.36524 0.661189 2.0881 2.20413 1.94935 2.98764 2.21789 0.104487 0.273282 1.35518 0.453682 1.7483 2.67532 2.90597 2.68878 2.70316 0.592876 1.85793 0.742062 1.26308 0.889871 0.573157 0.528117 1.88098 0.814031 1.73506 2.58757 2.2347 2.24529 1.78566 2.86688 3.08804 1.04275 1.60535 0.48567 0.895475 2.80337 0.835564 2.58172 2.5649 1.70738 1.36658 2.00156 0.53834 2.58004 1.73157 2.76533 0.328142 0.851763 2.611 1.29204 2.96114 2.54573 0.585054 0.278163 2.63549 1.9254 2.04733 2.35773 0.879011 2.14756 0.726026 2.47398 2.15632 0.177637 2.3347 0.650098 1.56058 0.607143 1.85516 2.32229 0.967426 0.0945647 1.30726 2.84982 1.27111 0.206211 0.296703 2.70049 2.50001 1.69992 3.09999 2.89998 2.2 0.0999976 0.9 0.2 2.8 0.3 0.3 3.1 2.8 1.8 1.3 2.6 0.5 2.9 2.9 2.2 1.3 1.8 2.8 0 1.4 2.9 1 0 0 0 0 0 0 0 0 0 0 0 0 0 0 0 0 0 0 0 0 0 0 0 0 0 0 0 0 0 0 0 0 0 0 0 0 0 0 0 0 0 0 0 0 0 0 0 0 0 0 0 0 0 0 0 0 0 0 0 0 0 0 0 0 0 0 0 0 0 0 0 0 0 0 0 0 0 0 0 0 0 0 0 0 0 0 0 0 0 
0 1.4561 2.75364 1.62958 2.24654 1.55709 2.38169 1.59586 3.0439 2.42231 2.82152 1.59163 1.58085 0.591721 1.34576 1.78371 2.02534 2.9542 2.5984 0.597069 2.78213 1.11156 1.54441 0.518804 2.13976 1.33826 0.999149 2.21528 1.77286 0.653086 2.06473 1.55063 2.34244 2.37324 2.28582 2.01682 0.0560629 1.49198 0.708066 3.00278 0.760474 1.29928 0.484167 0.179213 0.384203 2.50721 0.93894 2.07005 1.29832 0.7262 2.77473 2.53989 0.158698 3.01196 0.414442 0.493055 3.00725 1.2568 1.1595 2.5663 1.1565 2.81225 2.84657 1.18639 2.41276 0.154584 0.494413 2.1217 2.64352 0.893591 0.946284 2.09157 0.0797345 1.68652 1.76425 0.0759783 0.78659 0.667975 3.02598 2.67916 2.8509 2.10015 2.71699 1.39271 1.23381 2.07488 1.74653 2.53351 1.5696 2.15576 3.09792 2.14089 2.4426 1.6336 1.92006 0.902635 0.205708 2.25468 1.55262 0.117634 1.5888 2.29827 1.90752 2.36844 1.34984 1.84883 1.09273 0.516454 2.82616 2.2756 0.588187 0.352387 0.428728 1.2163 0.166903 0.57322 0.798076 0.618523 2.08668 0.543553 2.11645 2.79558 2.13508 2.27689 0.163019 0.728703 2.75005 1.94521 1.59639 2.65986 2.17751 1.66149 0.654926 1.23258 0.462816 1.83193 2.84959 2.58388 0.168367 2.29391 2.21648 0.427767 0.241053 1.88348 1.52371 1.08571 1.87956 3.01256 2.83251 0.526493 2.77671 0.837754 0.614609 2.95556 0.989739 0.0876688 1.46579 0.687022 1.02731 1.92161 2.41913 1.52804 0.611643 1.27533 1.23674 0.320989 0.763671 2.78634 2.30069 1.74083 1.09346 0.169629 1.63709 1.15736 3.06576 2.23141 2.02582 2.88695 1.23135 0.330012 2.47333 0.836633 1.21951 1.39336 1.90733 1.58325 2.85518 1.82992 1.3758 1.27628 1.49697 2.29977 2.29924 0.599836 2.19991 0.79997 3.09999 1.7 1.3 1.9 1.9 2.2 1.1 2.5 1.9 0.8 0.7 1 0.8 1 1.9 1.9 2.6 1.9 2.5 3 2.1 2.8 2 0 0 0 0 0 0 0 0 0 0 0 0 0 0 0 0 0 0 0 0 0 0 0 0 0 0 0 0 0 0 0 0 0 0 0 0 0 0 0 0 0 0 0 0 0 0 0 0 0 0 0 0 0 0 0 0 0 0 0 0 0 0 0 0 0 0 0 0 0 0 0 0 0 0 0 0 0 0 0 0 0 0 0 0 0 0 0 
0 1.51173 2.26736 1.84447 1.18858 3.06722 1.59586 1.3257 2.89066 1.49033 0.964392 0.870301 2.28225 2.12603 2.91021 1.55715 2.13913 1.04784 2.0567 1.14812 2.89272 0.218209 2.85139 1.31193 1.18393 0.275641 3.04812 2.85797 1.87509 2.95344 2.88371 2.1797 0.0932905 2.62246 1.13918 0.73536 0.675228 0.393776 0.338599 0.908159 2.12235 2.03294 3.02473 2.21112 1.13363 0.153591 2.30493 2.10265 2.92424 1.99893 0.659916 1.85163 2.75285 1.19504 2.05345 2.60011 2.4551 1.25994 1.6255 1.52497 2.77881 1.0277 0.365534 2.8146 1.1695 2.01347 1.33653 1.61902 1.66159 0.357594 2.65209 1.98175 1.34474 2.91918 2.44604 1.93718 0.631442 0.470259 2.17406 2.05507 1.79836 0.224522 2.89507 3.04855 1.91381 0.116843 1.33196 2.76914 2.34475 0.976864 1.14056 0.852294 0.252941 2.2385 1.01715 1.41274 1.28145 1.35692 0.536922 2.55212 2.53669 3.03988 1.18127 1.43962 0.230308 1.07891 1.4109 2.13836 1.84107 0.215215 0.883169 2.4206 0.333556 0.559677 2.88894 0.141478 1.7948 2.07309 1.59863 0.179028 1.23038 0.125069 0.497633 1.98408 1.096 2.56091 0.248663 1.98876 0.773322 1.6589 2.566 1.36333 2.22959 1.30953 2.13163 2.63361 1.30788 2.36224 0.727535 1.93208 2.04008 2.52798 2.70918 0.956984 0.476282 0.298534 1.4866 2.60908 1.78951 2.65064 3.07708 1.88221 2.76162 0.267817 1.08906 1.37337 2.64756 0.0859279 2.55597 2.58643 1.63762 2.25554 1.46019 0.278178 2.76864 1.06055 0.685396 0.389118 2.67791 0.0216102 0.110559 0.993042 3.09444 2.83779 2.73516 2.66991 0.520061 0.316039 1.89832 1.2621 1.06824 0.966338 0.132949 0.710676 2.98742 0.128305 1.60927 1.61636 1.65712 1.04261 1.75462 1.19979 2.49218 0.397199 0.0991308 2.19956 2.29995 1.2 3.1 2.9 3 1.4 0.3 2.3 1.9 1.2 0.9 2 0.6 1 1.3 3 1.7 0.3 0.4 0.4 0.6 2 2.8 2.7 3 0 0 0 0 0 0 0 0 0 0 0 0 0 0 0 0 0 0 0 0 0 0 0 0 0 0 0 0 0 0 0 0 0 0 0 0 0 0 0 0 0 0 0 0 0 0 0 0 0 0 0 0 0 0 0 0 0 0 0 0 0 0 0 0 0 0 0 0 0 0 0 0 0 0 0 0 0 0 0 0 0 0 0 0 0 
0 2.97098 1.24623 0.153569 0.937379 0.0794881 3.0439 2.89066 1.8435 0.54416 1.86512 2.01386 2.3351 1.30013 1.13444 1.24413 2.81316 2.0302 1.79418 2.39428 1.92254 2.81666 2.68785 2.25188 2.96391 0.38497 1.77207 2.41965 2.11667 2.66733 1.40436 0.93178 1.39549 3.06677 0.172735 0.0968964 0.371821 2.40112 2.66539 3.06356 0.205731 1.47413 0.262433 1.03782 0.604113 2.44832 1.34842 0.228417 2.62946 2.22156 1.84521 1.77408 0.593487 2.92163 1.4423 1.68398 1.97086 3.07124 0.604038 0.667624 2.09645 0.231145 0.471177 2.66079 0.822945 1.54494 0.959469 2.26575 1.12134 3.09327 1.15878 2.30089 0.571798 1.49545 0.432954 2.26299 2.00024 1.62551 0.0959169 2.24125 2.88447 2.22484 0.174028 0.928278 1.77447 1.0174 0.673678 1.59111 2.07386 0.840151 1.88676 0.872932 2.80541 1.82389 2.37979 2.41446 1.05283 0.51638 1.95918 1.87697 2.90732 1.86875 3.05377 1.58223 2.0533 2.04721 2.49393 0.192509 1.11862 2.78437 1.24572 2.97534 0.67891 1.73697 3.03999 2.28751 1.04108 3.0242 0.951485 0.595514 1.00574 2.01439 2.71909 1.63006 1.32106 1.56942 1.98494 0.77925 2.62884 0.671671 0.997707 2.22395 2.93249 0.678737 2.24215 1.31841 2.05115 2.6323 1.27798 0.853352 0.0560178 1.97519 2.5081 1.54444 2.36022 1.74082 0.981688 0.31087 2.88492 1.9538 0.296465 2.51246 0.283781 2.51306 1.65564 3.00673 1.2975 2.21363 0.793843 2.68468 1.94384 0.820319 0.735098 0.360886 0.490761 0.166734 2.64152 3.08927 2.70992 0.331901 0.498106 2.21708 1.30571 2.46561 1.52503 1.07059 2.7222 2.22281 0.104083 0.611905 2.79568 0.540663 0.192079 0.723882 1.26996 2.04855 0.316096 2.8821 0.89639 0.643207 0.0544956 2.69809 1.91279 0.496997 0.0919112 1.99717 2.79886 0.700139 2.19995 2.7 0.599996 1.8 2.4 0.4 2.8 2 1.5 0.5 0.7 0.7 2.6 1.3 1.8 1.4 1.4 1.1 1.2 0.5 3 0.4 2.6 1.6 0.9 1 0 0 0 0 0 0 0 0 0 0 0 0 0 0 0 0 0 0 0 0 0 0 0 0 0 0 0 0 0 0 0 0 0 0 0 0 0 0 0 0 0 0 0 0 0 0 0 0 0 0 0 0 0 0 0 0 0 0 0 0 0 0 0 0 0 0 0 0 0 0 0 0 0 0 0 0 0 0 0 0 0 0 
0 2.6504 2.25323 1.44739 1.3957 2.453 2.42231 1.49033 0.54416 0.688016 2.57967 1.60548 0.189686 1.12135 0.454904 0.669452 2.82377 0.689497 1.75225 2.13484 1.97435 0.242998 0.073467 0.170353 2.17378 0.350446 2.15534 1.21357 1.12829 0.965899 0.94566 0.471141 2.1637 2.90977 2.6533 2.82689 0.0656605 2.52383 2.73527 0.493232 2.01897 2.40404 0.646662 1.195 1.93708 2.94114 0.473358 1.37843 1.79211 0.904312 2.31585 2.97076 1.94953 1.28459 0.415917 1.21147 2.64115 0.459001 0.61781 2.68641 0.479418 2.3755 0.946485 1.3456 1.41319 1.82418 2.10545 0.429286 0.927867 1.72407 0.00947677 0.103545 1.8074 1.43801 1.17431 0.787065 1.91917 0.130661 2.07436 1.48863 1.10708 0.640345 2.04743 2.83465 2.26756 1.59832 1.54708 2.94701 1.44676 2.9424 2.87431 0.708405 1.14545 1.40557 1.31057 3.04041 0.592531 0.269367 2.27628 0.15303 2.54985 1.05932 0.825834 2.56467 0.937237 2.93778 0.167315 0.53681 0.239779 1.32149 2.78857 2.36791 0.623579 2.63479 2.52386 2.23561 0.740926 0.408491 0.513908 1.75028 2.509 1.7607 0.772977 2.39396 2.29975 0.822081 1.46114 2.22527 1.38807 2.41681 0.455759 2.91314 1.01368 1.53825 2.60694 2.52755 0.948941 2.46624 0.614961 2.35321 2.90315 2.23644 2.07116 1.98532 0.449169 1.00089 2.2706 1.38484 1.97303 0.85163 1.26795 1.24993 3.09138 0.085846 1.16424 2.16887 2.0219 0.520796 0.101668 0.337152 0.7914 0.850443 0.016386 2.72368 0.369402 2.37472 2.07941 0.792389 1.53257 0.625366 2.85285 1.94156 2.73567 1.64882 3.02161 2.80698 2.6004 1.88017 0.479212 1.7174 1.37283 2.1231 0.200378 2.84687 0.427941 1.72083 2.56451 0.919062 1.20311 2.32301 1.68487 1.66306 0.457967 2.58174 0.59562 2.87724 0.599774 2.79856 0.799086 0.599713 2.09994 0.100011 0.4 1.4 1.9 1.6 0.8 2.7 1.1 2.9 2.1 0.3 2.2 3 0.9 0.6 2 2.4 2.5 1.1 2.8 0.3 1.5 2.6 0.9 1 0 0 0 0 0 0 0 0 0 0 0 0 0 0 0 0 0 0 0 0 0 0 0 0 0 0 0 0 0 0 0 0 0 0 0 0 0 0 0 0 0 0 0 0 0 0 0 0 0 0 0 0 0 0 0 0 0 0 0 0 0 0 0 0 0 0 0 0 0 0 0 0 0 0 0 0 0 0 0 0 
0 0.943235 1.5383 2.22647 1.95997 2.03628 2.82152 0.964392 1.86512 2.57967 0.637656 1.3654 1.05681 2.33124 2.63314 1.4242 1.66944 0.530621 1.58723 2.45435 2.07975 2.63745 0.829884 2.99936 1.01128 0.455265 1.72054 0.559736 2.1326 1.11145 3.06453 0.992507 1.46762 1.94724 2.44176 0.0448491 2.50173 1.15393 0.0979137 2.55939 2.28157 0.140578 2.03044 0.924466 0.55797 2.71642 1.85033 1.62755 2.50283 2.56584 1.21519 2.7435 0.0798068 0.345937 0.249047 0.653859 0.534801 1.98691 0.398121 3.08195 1.8973 2.41498 2.26597 1.96297 2.29318 1.75382 0.60128 0.99575 3.07404 1.84445 1.85381 2.06885 1.62739 0.0928525 1.14702 2.68119 0.517705 2.61799 2.38319 0.611002 2.56185 0.912465 2.71362 1.82519 2.9007 2.39747 2.73747 0.925061 2.21375 2.10379 0.833484 0.514444 2.93666 2.70251 0.740704 2.52464 1.2379 1.84921 1.04535 2.44128 1.83049 2.88096 0.297091 2.31695 2.55749 2.00483 2.1986 2.99782 2.46005 1.59693 0.60938 0.598746 0.476431 2.62841 2.22082 2.34054 2.75972 0.525797 0.850202 0.448748 0.716221 2.9745 2.92875 1.90118 2.67937 1.21151 3.03808 1.17051 2.13336 0.11649 1.49726 2.28888 0.67964 2.76544 1.64719 1.48409 0.652053 1.06863 0.894134 1.29041 0.971315 0.205162 1.14542 0.0682475 2.77412 0.184004 1.49165 2.69641 2.77642 2.42567 1.21129 1.51692 1.28771 0.872164 0.890003 1.81302 1.92644 0.411168 0.985052 0.0999503 1.32285 0.763983 1.60518 0.601167 0.773649 0.891004 2.34933 1.22805 1.18497 1.42149 0.591329 2.62838 0.513338 1.66679 2.05228 1.06009 1.17532 1.26032 3.09268 2.28249 1.87841 1.36241 2.46713 1.29895 1.29057 2.44298 0.551905 3.02554 1.85597 0.325617 0.627334 1.895 0.837745 1.11728 1.19005 2.65215 2.08269 2.892 2.49777 2.29761 1.89973 0.0999555 2.49994 2.79997 1.19999 0.600001 3.1 1.8 1.5 2.5 1.2 2.1 2.1 0.7 1.1 1.8 1.1 1.3 0.7 2 2.6 2.7 1.9 1.7 0.6 1.6 0.9 1 0 0 0 0 0 0 0 0 0 0 0 0 0 0 0 0 0 0 0 0 0 0 0 0 0 0 0 0 0 0 0 0 0 0 0 0 0 0 0 0 0 0 0 0 0 0 0 0 0 0 0 0 0 0 0 0 0 0 0 0 0 0 0 0 0 0 0 0 0 0 0 0 0 0 0 0 0 0 
0 1.94655 1.65687 0.441784 1.64017 0.923406 1.59163 0.870301 2.01386 1.60548 1.3654 0.911114 1.25312 2.49024 0.562726 0.722574 1.27016 1.74458 0.0648194 0.0947987 1.11376 0.342991 0.980624 2.83459 1.42264 3.07938 1.70979 2.86776 3.05392 0.604296 2.56515 1.55815 2.13405 1.01992 1.29565 2.19798 2.07426 1.97967 1.86636 1.35305 1.35369 0.863823 1.82678 1.21692 1.91043 1.85958 1.34023 1.63328 1.12985 2.85264 1.50899 1.46933 1.29161 2.77929 1.92954 0.851629 1.71139 1.14525 0.020227 0.820484 1.73202 1.73622 0.528249 1.61914 0.874079 2.61072 1.12652 2.89049 2.82999 1.91881 2.64241 2.44569 3.02346 0.59282 2.46129 0.501529 2.54947 2.33231 1.16612 1.14461 0.235705 2.60443 0.58191 2.59114 0.150642 1.81705 1.43499 2.34667 2.01261 1.92715 0.0287842 1.57547 2.89581 2.42033 3.04524 0.445791 0.442817 2.54919 0.182202 1.19813 1.96529 0.341111 2.77237 0.464485 2.15887 3.06315 0.486703 2.04686 1.52826 2.39763 2.10789 2.94092 0.108497 1.2894 0.238061 2.88194 2.57059 2.83812 2.08017 2.1231 0.387154 1.64378 2.5763 0.26636 1.18883 0.679105 2.46393 0.644221 1.98656 1.90918 1.62819 0.497733 2.12568 1.36364 2.49633 1.27895 2.32563 2.79378 0.0120828 0.203847 1.59779 1.64751 2.05516 0.877921 2.08999 1.76729 2.7287 2.71341 1.68727 0.113765 1.42327 1.9562 1.36534 1.11515 1.96311 0.131647 1.1849 0.184084 3.04993 1.53348 1.14226 1.4644 2.32118 0.637608 1.97742 1.83906 2.42415 0.0775632 1.15212 1.2634 0.741075 0.438493 0.0265763 1.14887 1.30767 1.64189 2.34805 2.70225 0.5178 2.08352 0.719351 2.48319 1.93089 0.184925 2.9516 1.1979 0.288287 2.24491 1.76905 1.88819 2.08286 1.85577 3.07982 1.57058 2.02091 0.281097 2.02533 3.09064 1.77646 1.88631 1.2971 1.50055 2.19997 2.89992 0.999979 2.59998 1.2 1.1 2.7 1.1 3.1 0.9 1.09438e-10 2.9 1.1 0.7 1 1.5 1.9 2.9 1.5 1.2 2.4 2.9 0.9 0.3 0.8 2.7 3 0 0 0 0 0 0 0 0 0 0 0 0 0 0 0 0 0 0 0 0 0 0 0 0 0 0 0 0 0 0 0 0 0 0 0 0 0 0 0 0 0 0 0 0 0 0 0 0 0 0 0 0 0 0 0 0 0 0 0 0 0 0 0 0 0 0 0 0 0 0 0 0 0 0 0 0 0 
0 1.15042 1.66086 2.60989 1.181 1.83196 1.58085 2.28225 2.3351 0.189686 1.05681 1.25312 0.965726 1.61326 2.65204 0.318276 1.90076 2.10116 0.753677 0.174479 0.51352 2.75506 1.87345 0.139247 2.26878 2.28912 0.369283 2.31828 1.09397 0.572096 2.07952 0.472943 0.07118 3.07407 0.687605 2.95128 1.18121 1.7183 2.98859 1.99112 0.232403 1.99579 2.02228 2.99516 0.765042 0.976878 1.92905 1.02046 0.626034 0.446322 1.124 0.0238405 1.12625 0.350758 1.69971 2.74526 1.44187 1.84769 0.326929 2.58553 1.02735 1.99152 1.44511 1.66448 2.32562 2.21212 3.02082 0.648338 2.93147 1.01445 0.413681 2.63413 1.81336 0.485496 2.4251 2.9548 0.299391 0.0865866 0.932714 2.98455 2.53898 1.54569 2.88389 0.637509 1.77604 1.74747 1.24724 1.42107 2.34201 1.49838 1.8577 1.52811 1.68441 1.8678 1.99611 1.02208 2.60117 2.49083 1.14549 2.9876 0.202383 2.20231 2.36959 1.70998 1.43388 1.55889 1.03858 1.40237 0.616389 1.13637 0.983965 1.09343 2.04608 3.05379 1.02702 0.522738 2.44695 0.988204 2.29328 1.74801 2.41168 1.48459 2.12188 2.7618 1.75259 0.940072 1.9582 2.37806 2.84472 2.46336 1.64498 1.94651 2.63845 2.55894 1.32657 1.14111 0.980271 0.674187 1.8729 2.1723 1.3684 1.68344 2.88381 1.00756 0.383488 1.21634 0.560755 1.39809 2.8736 1.71022 1.28801 0.554975 1.96254 0.592142 1.87862 3.09258 0.965835 1.35524 0.37289 1.44086 3.05741 2.61598 2.66641 1.26987 1.63031 2.01708 0.491731 2.08074 1.01273 1.63137 1.44563 1.90686 0.690208 1.44184 1.41843 0.582033 1.93654 1.6798 1.60707 1.06622 1.09474 0.149283 0.122756 0.522123 2.45659 1.55928 1.90116 1.4579 1.26527 1.87787 1.94957 0.281652 0.507597 1.2341 1.13205 0.142466 1.4399 3.09422 3.04264 2.03032 2.45706 2.29696 2.19972 1.70014 0.39992 1.99995 2.1 0.699981 1.2 1.3 0.7 2.9 1 2.6 1.9 2.2 0.3 2.1 0.6 1.7 2.1 0.6 1.1 0.6 1.1 0 2.3 0.1 1.1 2.8 2 0 0 0 0 0 0 0 0 0 0 0 0 0 0 0 0 0 0 0 0 0 0 0 0 0 0 0 0 0 0 0 0 0 0 0 0 0 0 0 0 0 0 0 0 0 0 0 0 0 0 0 0 0 0 0 0 0 0 0 0 0 0 0 0 0 0 0 0 0 0 0 0 0 0 0 
0 1.934 2.04435 1.53496 3.01898 1.1694 0.591721 2.12603 1.30013 1.12135 2.33124 2.49024 1.61326 1.31607 1.29274 1.67944 2.39287 0.587196 0.157733 0.393664 0.8477 0.292332 0.667949 1.63108 1.78671 2.3039 1.44549 3.08714 3.06317 0.0941089 1.50477 2.97251 1.35986 2.28228 2.39064 0.10602 1.88141 0.476107 0.603292 0.386972 0.703988 0.687055 0.766123 0.131294 2.97938 2.29295 1.13673 2.46961 1.16018 1.78663 1.38135 1.7136 1.79428 1.80298 0.32283 2.86592 2.72376 2.35532 3.09135 1.24467 0.390425 1.20516 1.98312 0.0185926 0.728224 1.79844 2.21111 2.20663 0.0715191 2.54694 1.95349 2.87122 2.30505 2.99128 0.718066 2.11331 1.58955 2.82879 1.16155 2.75873 2.00215 1.45243 1.85667 2.35536 1.67669 0.310734 1.15221 2.51361 2.13099 2.51304 2.89866 2.28892 0.606956 2.81271 1.55898 0.609664 2.31305 0.0574321 1.5959 1.52588 1.97303 2.98772 2.70928 1.2517 1.53801 2.98237 1.28694 2.79183 2.25853 0.799634 1.96453 2.5113 0.993269 2.2039 0.152581 0.0507908 0.176504 0.614119 2.77747 2.19582 3.01269 1.22309 2.90197 2.62383 1.45106 2.86275 2.0324 1.91494 2.80776 2.27623 0.798504 0.34591 0.683166 0.058978 2.60793 1.218 0.886782 0.314214 0.889654 2.22368 1.71459 3.05556 2.8196 0.516172 0.819258 3.04555 1.72154 1.24218 0.129313 2.94359 1.95962 1.08773 1.37046 0.270541 1.96357 0.0621573 0.408999 1.04929 1.14424 0.99248 0.443185 2.66031 0.0866018 0.598869 0.140477 2.97868 2.64495 0.531694 2.11365 0.817885 2.05725 0.872128 3.05538 2.72823 2.45903 0.579535 1.05633 3.08303 0.679028 0.284633 2.53956 1.46398 2.13277 1.74997 2.04146 0.364997 0.920977 0.223679 1.3215 3.0904 1.79617 2.04884 0.696862 2.43097 0.893416 2.21356 2.5653 1.45389 0.262034 1.17002 0.549736 0.181241 0.390064 1.00013 2.49988 1.59912 1.59985 0.999902 0.999955 0.799994 1.2 2 0.9 1 0.2 1.4 0.4 0.8 1.6 2.1 1.2 0.5 1.9 0.9 1.6 2.8 3 3.1 2.7 3 1.4 2.9 1 0 0 0 0 0 0 0 0 0 0 0 0 0 0 0 0 0 0 0 0 0 0 0 0 0 0 0 0 0 0 0 0 0 0 0 0 0 0 0 0 0 0 0 0 0 0 0 0 0 0 0 0 0 0 0 0 0 0 0 0 0 0 0 0 0 0 0 0 0 0 0 0 0 
0 0.381938 0.820954 2.39107 2.94662 0.658398 1.34576 2.91021 1.13444 0.454904 2.63314 0.562726 2.65204 1.29274 2.77462 2.57183 1.03778 0.360596 1.76612 3.09484 1.35493 0.125615 1.53461 1.19582 0.830986 1.445 2.73827 2.30122 1.75821 2.79169 2.64877 0.208439 1.45937 1.77613 2.34022 2.05822 1.13837 2.49971 1.76682 2.06583 2.13331 1.34341 1.33618 2.08505 0.457442 2.79125 1.94876 0.584613 2.357 2.01194 0.786306 0.445772 0.525338 0.462075 0.888341 0.0370249 1.19807 0.427279 0.195261 1.71036 1.30483 2.22113 0.759319 1.1117 1.56192 1.43703 1.16647 1.45043 2.85958 2.20573 1.90555 2.32794 0.776013 0.155822 0.796035 2.77426 1.27663 0.287124 2.1408 0.117886 1.43405 1.19942 2.15429 1.33558 2.90649 1.09355 2.57867 1.28342 1.81608 2.45775 2.9735 0.419308 1.78437 0.00505132 1.36335 1.42121 0.555209 1.72818 2.00649 0.0628333 1.72444 0.213865 3.01888 0.285014 0.0838796 0.120844 1.19913 2.4104 0.898897 0.52214 1.6305 0.557308 0.516206 0.200165 0.105117 2.9852 1.46829 1.65522 0.0653093 0.550164 0.276084 0.538651 0.319536 0.607712 0.657919 1.14027 0.478077 1.58743 1.35589 2.85649 0.486649 2.04093 1.26646 0.0561149 3.09594 0.973898 0.0414466 1.08934 2.3427 2.84308 1.75572 1.61251 1.9912 1.51155 0.29607 1.11246 2.12745 0.107754 1.57586 1.27825 2.87561 0.463107 2.36482 0.747374 2.86401 0.0401838 1.2765 1.63732 1.15224 2.529 2.40553 0.230791 1.28555 1.48589 1.53081 2.23895 0.270183 2.06505 0.0368662 0.591841 1.01495 0.382889 1.39063 0.808914 0.327373 1.96426 1.29287 0.581077 1.19823 2.01341 0.619374 1.95007 0.410566 2.67652 0.102091 1.47029 2.02302 2.22559 0.399028 0.467405 0.482125 2.09908 1.28607 0.72365 1.90205 2.3444 0.352793 0.354175 0.658171 2.02272 2.54591 2.82665 1.25606 0.183328 2.80067 1.79785 1.69848 2.09971 0.200071 2.60001 0.599978 1.8 1.1 1.7 2.4 3.1 1.5 2.9 0.9 2.5 3 1.1 1.4 0.3 2 0.7 0.3 3 2.6 1 2.7 0.6 1.6 0.9 1 0 0 0 0 0 0 0 0 0 0 0 0 0 0 0 0 0 0 0 0 0 0 0 0 0 0 0 0 0 0 0 0 0 0 0 0 0 0 0 0 0 0 0 0 0 0 0 0 0 0 0 0 0 0 0 0 0 0 0 0 0 0 0 0 0 0 0 0 0 0 0 
0 2.21127 0.476265 0.869019 1.90729 1.87185 1.78371 1.55715 1.24413 0.669452 1.4242 0.722574 0.318276 1.67944 2.57183 0.733506 1.04672 1.73628 2.03769 1.91302 2.86941 0.340044 0.0469841 2.11537 0.0666679 0.6311 0.176777 0.718956 0.772513 1.10221 0.434903 2.64466 0.790009 2.97074 0.0587167 2.01403 0.113895 2.24263 2.09027 0.629321 0.0761222 1.39685 1.97342 1.85814 2.61046 2.83402 2.9733 0.772991 0.530952 2.69488 0.30635 2.47482 0.280665 2.90981 2.76829 1.3833 0.256644 1.66554 0.767542 0.797156 2.6582 2.90664 1.9572 1.08664 2.27271 2.73714 2.1495 0.105155 2.99257 3.0359 0.88258 2.302 1.94387 0.592519 0.362186 0.810908 1.65283 1.7697 2.16346 0.629241 1.16764 0.592955 1.89701 1.48575 0.85532 2.40642 2.16543 0.188368 1.66697 2.28107 0.20549 2.79736 2.07902 0.141253 1.18415 2.74229 2.40076 1.51333 2.41473 1.38734 0.202566 0.266728 0.421443 0.981868 2.58621 1.72877 0.18532 0.773866 1.63196 0.821503 0.555974 2.70815 0.102059 1.97784 1.54176 2.44952 1.41503 1.89054 2.13635 1.47318 2.08788 2.66818 0.683189 2.96922 0.515039 0.299073 2.83321 2.74836 1.80512 1.7931 2.34551 0.786014 2.30651 2.62811 1.92165 0.841426 0.317039 1.67488 2.47595 3.0171 0.873183 0.283663 1.602 0.951113 0.737373 0.0696792 1.7623 1.24042 1.64381 1.7878 2.87219 0.740131 0.623194 1.17119 2.68355 2.82035 0.405321 0.455797 1.07036 2.20657 0.183034 1.06758 0.409391 1.52119 0.17129 0.565575 1.62698 0.322197 0.717914 1.56537 0.781854 1.26901 2.34337 1.91781 1.25084 2.29483 2.48106 1.57973 1.56895 1.50789 2.44119 1.67315 1.99287 1.62456 0.544065 1.74249 2.71163 3.0735 1.88964 2.06071 0.78722 2.25567 1.39888 2.59051 2.94762 1.04881 1.93024 2.63564 2.10446 1.85019 0.849346 1.43209 1.17499 2.88299 1.29001 0.178454 0.101461 3.09834 2.29926 1.69956 1.99996 3.09999 2.3 1.4 2.8 0.2 1.7 1.2 2.3 0.6 1.5 0.7 2.8 1.5 1.5 0.5 1.9 1.2 1.8 2.8 1.42109e-14 0.5 2.2 1.1 2.8 2 0 0 0 0 0 0 0 0 0 0 0 0 0 0 0 0 0 0 0 0 0 0 0 0 0 0 0 0 0 0 0 0 0 0 0 0 0 0 0 0 0 0 0 0 0 0 0 0 0 0 0 0 0 0 0 0 0 0 0 0 0 0 0 0 0 0 0 0 0 0 
0 0.87999 2.94145 1.9507 2.31249 0.636865 2.02534 2.13913 2.81316 2.82377 1.66944 1.27016 1.90076 2.39287 1.03778 1.04672 0.0992271 1.2714 1.36501 0.29152 2.52733 1.63003 0.893785 0.0512788 1.02913 0.0367999 2.52225 0.705701 2.92418 2.30183 2.77315 2.4489 0.392636 0.986501 2.12121 0.346119 0.379504 1.2364 0.704211 1.87256 0.585214 1.43118 1.1108 1.98633 2.46946 2.17027 0.676027 2.55273 1.35452 1.91086 0.369781 0.702345 2.54079 3.08562 2.70433 0.0798931 1.11827 2.15273 1.5522 1.88121 2.97877 2.749 1.58662 1.07072 2.6042 0.990528 3.07219 2.50582 1.98821 1.79892 2.70468 0.610606 1.75119 1.65859 2.3579 1.38267 1.32275 1.97049 2.70907 2.31114 0.147985 2.12336 2.96756 2.47904 2.56396 0.388906 1.08772 0.216023 0.641291 0.515474 2.46936 1.3336 1.56457 0.191013 0.500951 2.22972 1.2549 0.0446683 1.669 0.312077 2.33186 2.66374 0.160922 0.650149 1.96824 2.69348 1.93673 0.678987 2.93388 0.43477 2.0075 1.48899 0.594389 1.52643 1.44762 0.101172 0.874828 1.29995 0.995625 1.6539 1.63657 1.2864 1.21326 1.17591 0.146632 0.590575 0.306936 2.52969 2.1842 1.44098 0.322922 2.83572 1.14379 1.70754 1.24357 0.00444333 1.44583 2.09194 1.45949 1.65786 2.1773 2.05337 1.15076 1.36261 1.05348 0.056214 1.76071 2.10715 1.69636 1.21842 2.73959 1.8695 0.771079 2.84477 0.364243 1.14798 0.0840833 0.407599 2.13352 1.82498 0.105095 2.34901 2.54306 2.10059 1.95399 1.44262 0.483898 1.32657 0.378217 2.40079 1.11674 2.26402 0.779682 3.0038 1.72503 0.312438 1.14216 1.95126 0.327999 2.02228 2.2717 0.480352 3.03144 0.0912236 0.269174 3.08141 1.82137 0.822846 1.15523 0.40157 2.11241 1.92652 1.97497 0.453205 1.21336 0.481823 1.33753 2.48891 0.406597 1.93829 2.4879 1.91397 0.985569 1.30481 1.09741 2.9145 2.2015 2.89835 2.89771 0.398633 0.799715 2.60007 0.600007 3.09998 2.7 2.2 0.399999 3.1 0.7 1.4 0.7 0.3 2.2 1.1 1.7 0.7 2.3 1 1.5 1.6 1.3 0.8 2.6 1.8 1.3 1.5 1.9 1 0 0 0 0 0 0 0 0 0 0 0 0 0 0 0 0 0 0 0 0 0 0 0 0 0 0 0 0 0 0 0 0 0 0 0 0 0 0 0 0 0 0 0 0 0 0 0 0 0 0 0 0 0 0 0 0 0 0 0 0 0 0 0 0 0 0 0 0 
0 2.08879 3.01968 1.482 2.34345 3.02976 2.9542 1.04784 2.0302 0.689497 0.530621 1.74458 2.10116 0.587196 0.360596 1.73628 1.2714 0.111178 0.548581 1.49303 2.39197 2.95179 2.81222 1.00998 1.7052 0.227946 0.614244 0.409889 1.9618 2.06648 0.692901 2.86925 2.00907 2.05404 0.61533 2.80561 1.70121 0.947562 1.20529 2.40866 1.20466 2.04193 2.14283 1.70703 2.86356 2.63341 0.967532 2.08771 2.32936 1.15945 1.6115 2.76345 2.54236 1.55417 2.45704 0.36994 2.48661 1.05303 2.19585 0.150643 1.08784 0.831492 2.50067 1.81894 1.82586 0.671417 3.08133 0.811554 0.542179 0.148519 0.557453 2.44887 1.60698 1.87554 1.17466 1.5492 1.81857 2.3747 2.68601 0.857339 2.99768 1.58054 2.25223 1.5692 2.24924 1.41633 2.60417 0.00966345 0.165783 1.73403 0.186039 2.55992 1.46398 2.24887 1.19817 2.01118 2.58149 2.59115 2.28525 1.12708 2.54103 2.84436 2.71473 2.52615 0.551178 1.6565 2.88232 1.71382 1.83747 1.6489 2.18118 2.12495 0.715585 1.07259 0.261167 2.76961 2.10443 2.67781 2.00333 2.44421 1.04548 2.49888 0.717963 0.751256 0.789947 2.74976 1.88077 1.05337 0.188633 0.70489 0.8465 2.77101 0.732389 2.12065 0.218954 2.69712 0.541457 1.62928 0.188467 0.785545 0.828346 0.495793 3.05423 0.141161 0.660766 2.64543 0.419744 2.84124 2.79208 2.26728 2.59882 0.550628 2.92602 1.39604 2.9476 2.07227 1.02278 0.48595 0.583638 2.03922 1.25891 1.21671 1.60671 2.4878 0.991679 2.42756 2.86605 1.61798 2.30655 1.11293 2.02022 2.6849 2.62676 1.55359 1.65816 1.63609 0.911501 2.10418 1.54175 0.713899 0.737858 1.5563 1.08441 0.382429 1.58445 0.54981 2.8003 1.49428 2.39933 2.29728 2.54243 0.910783 2.08262 1.81068 0.419545 2.56614 2.07349 0.263285 3.00893 1.18872 0.707746 1.29557 2.45529 2.20925 0.97169 1.79972 3.02505 0.515444 2.69202 2.50007 1.99984 0.699149 0.399708 1.29994 1.30002 0.499997 1 1.4 0.3 1.4 2.9 1.6 1.9 2.1 2.6 2.9 1.9 3 1.4 2.3 3 2.5 2.7 0.4 0.9 3 0 0.7 3 0 0 0 0 0 0 0 0 0 0 0 0 0 0 0 0 0 0 0 0 0 0 0 0 0 0 0 0 0 0 0 0 0 0 0 0 0 0 0 0 0 0 0 0 0 0 0 0 0 0 0 0 0 0 0 0 0 0 0 0 0 0 0 0 0 0 0 
0 2.71099 2.73003 2.44265 1.56873 2.42414 2.5984 2.0567 1.79418 1.75225 1.58723 0.0648194 0.753677 0.157733 1.76612 2.03769 1.36501 0.548581 3.04969 2.83484 2.2386 0.92708 2.96956 0.799665 2.11481 2.09504 2.62584 1.29215 0.963222 1.92207 0.165299 1.46497 0.573692 0.690747 1.76508 2.16912 0.838653 0.0461449 0.83497 0.745096 2.45092 2.18139 1.9826 1.52267 1.77092 1.42273 2.0267 2.15113 3.00535 1.96391 3.00384 1.0476 1.3787 1.75939 2.37879 3.08572 2.30865 2.0929 2.89883 1.9199 2.04059 0.209142 2.51036 2.295 2.88623 0.147443 2.50828 0.238547 0.709465 2.43261 0.0467187 2.91554 1.55451 0.768125 0.260069 1.25841 0.681357 0.143785 1.32438 1.99105 0.885389 2.17229 2.07515 2.70307 2.82343 0.804492 0.562205 0.710451 1.20491 1.56064 2.34852 1.80233 1.92107 2.19262 2.45161 1.74196 2.76809 2.52926 2.68277 2.99082 1.84252 0.563887 1.51929 2.25486 2.47243 1.3115 0.483353 1.23066 2.53946 0.147182 2.29568 2.02918 0.857653 1.85592 2.7252 1.70115 0.940098 1.37378 2.5592 1.71307 2.52098 1.38987 0.0320675 2.47702 0.635492 0.787636 2.51568 0.375067 1.52748 0.261022 1.78171 2.51386 1.62581 2.57423 0.712138 0.720687 2.03306 1.66945 2.71772 2.54195 1.35611 2.86913 1.06866 0.207732 2.04293 2.29183 3.07568 2.70388 0.534967 0.0718599 2.60962 1.86096 0.785134 2.21084 1.96617 2.15485 0.13682 0.818402 0.875903 1.77073 0.57597 0.455976 0.378423 2.67919 2.13079 0.572974 0.956672 2.07239 3.02544 0.172885 2.40953 0.33541 0.683064 1.46196 2.29594 0.996567 3.03156 2.7442 0.261689 1.69624 1.96618 0.644971 1.28842 2.86197 0.458265 2.00842 0.740213 2.00589 0.269849 1.75906 0.719889 2.67027 1.48697 0.196137 0.867146 1.68005 0.507364 1.27212 0.00633567 2.44829 0.694793 0.943728 0.390501 0.927076 2.00956 0.47143 1.491 1.50476 2.5344 2.47172 0.892814 0.599765 5.50939e-06 2.69988 1.89998 3.09997 1.70001 0.400001 1.8 1.8 2.4 2.9 1.7 2.4 0.7 0.7 1.3 2.3 0.8 0.1 1.4 1.1 2.5 1.9 0.4 1 1.9 1.3 1.5 1.9 1 0 0 0 0 0 0 0 0 0 0 0 0 0 0 0 0 0 0 0 0 0 0 0 0 0 0 0 0 0 0 0 0 0 0 0 0 0 0 0 0 0 0 0 0 0 0 0 0 0 0 0 0 0 0 0 0 0 0 0 0 0 0 0 0 0 
0 1.69805 0.864213 1.98925 0.464901 1.03032 0.597069 1.14812 2.39428 2.13484 2.45435 0.0947987 0.174479 0.393664 3.09484 1.91302 0.29152 1.49303 2.83484 2.93614 2.29939 0.35024 2.01509 0.787607 0.484149 1.38565 0.959018 1.06104 2.56929 1.79791 0.138299 2.76049 2.79172 2.89549 2.65283 1.90804 0.0062025 0.758242 1.42337 0.977426 0.58297 3.03017 0.059028 1.15335 2.4597 1.03287 2.23898 3.00378 1.78842 0.970373 0.772096 0.344644 2.15852 2.91694 3.08092 1.2639 2.09183 2.07627 1.99183 0.705785 0.708403 0.70574 2.83102 2.87396 0.698632 1.37749 0.355895 2.23994 2.72881 2.20832 1.60596 0.0993535 2.71582 2.23448 0.0102111 3.0975 1.1896 1.75835 2.46468 2.7458 2.38115 1.269 0.0153392 2.9115 3.0634 2.92391 1.30432 0.643171 0.479519 2.44372 2.82821 1.90119 1.47281 0.158616 1.71922 2.56722 2.90897 2.04502 2.80717 0.432191 2.72272 2.99325 3.01948 0.528002 1.5259 0.384257 2.2989 2.83211 0.46151 0.465854 0.120159 2.09937 1.89111 2.1592 2.35003 1.34421 0.271619 1.4187 0.332546 1.07131 0.522944 1.33669 1.8771 1.45302 1.70496 0.666107 1.12515 2.29113 1.91721 0.861541 2.55774 0.645732 1.02093 0.48524 3.06227 2.8569 0.349778 0.881835 2.40297 0.249178 1.0953 2.52028 0.00424267 2.58497 0.329086 0.9694 2.13014 1.78712 2.00766 2.51219 0.327624 0.539927 2.90297 1.74639 0.927722 2.50901 2.93741 3.09912 1.33258 1.29382 2.90934 2.70809 0.822267 1.25481 2.82436 2.98038 0.463546 1.60145 1.84965 0.748476 0.143759 2.54049 1.80658 1.90546 1.99506 2.29778 2.49017 0.367097 2.77516 2.26814 1.944 1.47959 2.6682 1.1377 2.17496 0.698854 2.91038 1.85181 0.684632 0.678588 0.477509 3.071 1.83364 1.58021 0.175226 2.57875 2.70051 2.10586 2.7754 0.0804797 0.262007 1.80324 2.12859 0.856102 0.520685 1.16603 2.3924 0.778068 0.325581 1.06983 2.90695 1.001 1.09814 1.9005 0.700048 1.29979 2.69996 1.39998 2.99999 3.1 0.0999996 0.1 0.8 0.1 2.4 2.2 2 2.2 1.1 2.9 2.7 2 1.8 2.5 2.6 2.9 0.4 1.9 2.3 0.1 2.8 2 0 0 0 0 0 0 0 0 0 0 0 0 0 0 0 0 0 0 0 0 0 0 0 0 0 0 0 0 0 0 0 0 0 0 0 0 0 0 0 0 0 0 0 0 0 0 0 0 0 0 0 0 0 0 0 0 0 0 0 0 0 0 0 0 
0 1.59541 0.647306 0.078947 2.97127 0.0179449 2.78213 2.89272 1.92254 1.97435 2.07975 1.11376 0.51352 0.8477 1.35493 2.86941 2.52733 2.39197 2.2386 2.29939 2.27637 0.669065 3.05745 2.10932 0.548265 1.29092 1.11355 1.6438 1.03657 1.75339 0.017519 1.16395 2.32966 2.68854 0.265457 0.583109 2.01836 2.59034 2.91932 1.54471 0.280335 1.87895 0.0208401 2.40593 1.07882 1.43132 2.28168 1.8551 0.929703 0.0369619 1.79411 0.580231 0.209859 1.94098 2.92382 1.83128 2.73374 0.91713 1.0282 2.17284 2.94487 3.08641 0.0100848 2.21224 1.4448 0.845007 1.18556 0.97207 1.33313 0.6901 1.18148 2.98106 1.85633 1.59406 2.75928 0.877753 1.82162 0.426769 0.598415 0.266214 1.94058 1.61866 1.95539 0.000480114 1.7838 1.6521 2.63683 2.24515 1.65546 2.36658 1.46482 2.50513 2.35116 0.43516 2.79083 1.54061 1.64004 0.087442 1.33741 0.684598 1.25083 0.0660194 1.87215 2.61038 0.110249 2.30913 1.70967 2.92984 1.3469 2.01933 3.0137 1.94329 2.80948 2.08038 0.181269 0.291368 1.90673 1.29176 2.59488 1.88608 1.51644 1.32948 1.74818 2.18899 0.608198 0.890172 2.95122 3.03588 2.29047 0.772231 1.97768 1.42119 0.612362 1.13307 0.304633 0.0494394 0.402671 0.818923 1.26596 2.38816 0.611629 0.604441 1.85316 2.08092 1.32395 1.3095 0.28681 0.635662 0.93037 0.92586 0.828218 0.274941 0.31355 1.49257 1.17179 1.09611 0.775957 2.5032 1.28398 0.890125 2.97971 0.449588 2.53223 1.24351 3.03623 2.44363 1.53845 2.67934 0.304899 2.28458 3.06196 1.10394 0.262536 0.475092 0.302263 3.02374 0.20737 0.347012 2.48895 0.421484 2.06018 2.60047 0.272364 2.10707 3.0337 0.945207 0.84856 0.483765 2.59637 1.52288 1.38059 2.23252 0.961324 0.794375 1.60296 0.396327 0.161074 1.55833 1.99143 2.06568 2.65159 0.832385 0.517108 1.26852 1.87433 0.35291 1.73571 2.64065 1.78449 0.798362 0.342259 0.109804 1.39175 0.59956 1.19974 1.29922 0.999716 2.2999 1.99998 2.6 1.4 1.7 0.1 1.9 2.3 2.6 2.2 0.7 1.9 1.1 2.5 0.7 1.8 1.5 1.1 0.8 2.9 1.5 0.7 1.8 0.6 1.6 0.9 1 0 0 0 0 0 0 0 0 0 0 0 0 0 0 0 0 0 0 0 0 0 0 0 0 0 0 0 0 0 0 0 0 0 0 0 0 0 0 0 0 0 0 0 0 0 0 0 0 0 0 0 0 0 0 0 0 0 0 0 0 0 0 
