0 0 0 0 0 0 0 0 0 0 0 0 0 0 0 0 0 0 0 0 0 0 0 0 0 0 0 0 0 0 0 0 0 0 0 0 0 0 0 0 0 0 0 0 0 0 0 0 0 0 0 0 0 0 0 0 0 0 0 0 0 0 0 0 0 0 0 0 0 0 0 0 0 0 0 0 0 0 0 0 0 0 
0 4.35789 4.28204 2.46764 1.51359 2.98209 2.40235 3.73255 3.37526 0.933087 4.5024 0.925253 1.50538 2.77012 1.78646 0.335717 1.4549 2.99602 0.0431448 3.78512 2.264 1.94273 3.37418 0.418406 1.38703 4.91333 3.49854 1.99267 2.74871 3.63963 0.632954 2.71168 4.17191 1.69057 3.92983 2.65804 0.827876 4.57855 4.18479 3.46617 4.6322 0.590825 0.0343572 3.1612 0.0727353 1.40367 3.18066 0.82338 2.18306 0.29302 2.23632 1.21908 0.513883 1.42892 3.26817 0.836215 2.59404 4.35501 4.485 0.837 0.951 0.146 4.141 3.211 1.879 4.584 3.719 4.545 4.71 4.943 1.989 0.998 2 0 0 0 0 0 0 0 0 0 
0 4.28204 3.0266 2.00548 3.96799 3.04182 2.85126 3.96194 3.81029 1.49965 3.1374 0.088921 4.8192 1.01998 4.93289 1.93215 2.42381 3.63893 0.0324416 2.85309 4.91969 4.44527 2.62948 1.16437 3.22151 2.16082 0.283534 1.27298 0.258289 0.901726 4.82021 2.48618 2.84735 2.32792 1.01575 2.79581 4.16137 1.8001 0.0852523 4.22081 0.255354 4.02754 4.86085 2.42447 1.12508 4.84295 2.6876 2.21391 0.559106 4.95587 3.03496 0.528636 2.28885 4.18411 2.14222 3.6408 4.82628 4.58411 4.52502 2.094 3.756 1.55 0.032 3.344 1.311 1.674 0.898 2.493 3.042 4.198 2.838 3.968 1.994 0.999 1 0 0 0 0 0 0 0 
0 2.46764 2.00548 4.76877 0.277434 1.31739 1.57913 2.13966 1.08588 3.45781 1.9573 0.223353 4.40886 2.96997 2.13828 0.475501 3.48038 1.92973 4.73861 0.295829 3.93723 2.68495 2.3702 1.45067 1.97312 4.36072 3.73263 1.99045 3.92126 4.60337 1.24195 4.89151 0.0312299 2.09277 3.94598 3.47356 2.33931 4.42393 0.143713 4.88874 0.0730207 1.97091 3.62264 4.21531 0.495052 2.40378 3.5358 0.937746 1.87611 2.85793 4.35371 2.38025 3.31954 0.19192 1.32375 3.19495 4.31748 3.92454 4.70514 4.27502 0.485003 1.468 1.637 2.28 2.548 4.67 3.243 1.374 1.689 2.379 1.844 2.763 2.952 3.991 3.999 1 0 0 0 0 0 0 
0 1.51359 3.96799 0.277434 3.20684 0.893263 0.584415 2.24413 2.36086 3.42456 1.88219 3.34966 0.241162 4.35097 0.3119 4.7457 1.96634 2.02991 4.01852 0.285883 0.541396 3.6607 2.488 0.45503 4.09001 1.98535 3.14613 4.03273 4.62893 2.0293 1.99854 0.16309 1.0313 4.76576 0.0170226 1.571 1.29506 0.473191 0.324293 3.35843 3.17874 3.06005 0.967012 3.41075 0.781522 2.52594 4.83884 4.55679 4.57093 0.489151 2.00869 4.57284 3.33595 1.74605 2.44333 1.11364 4.56968 3.36972 0.292238 2.19512 4.35103 2.61 4.106 3.493 2.935 1.911 3.215 1.04 3.572 2.396 4.45 0.843 4.76 3.951 4.991 3.999 1 0 0 0 0 0 
0 2.98209 3.04182 1.31739 0.893263 2.39924 4.73935 4.00677 2.48899 2.99584 4.13137 4.20616 1.49076 2.61371 1.87025 4.01804 4.76614 0.293438 1.88352 4.21884 0.78422 0.829772 3.47563 2.5129 4.62209 3.64899 0.761921 0.571833 0.19739 0.155081 1.65163 2.86236 4.37571 2.86674 1.30774 0.0631675 1.36413 4.13338 4.63932 4.79693 4.64199 0.331787 1.3942 0.312381 4.89333 4.19872 3.80292 1.60706 4.39791 1.32438 2.89123 3.59149 3.39073 3.16959 4.62021 4.34151 1.16296 0.413098 0.817833 1.91132 2.13809 3.85102 2.626 1.712 3.564 0.978 2.652 3.566 4.719 4.243 1.743 4.719 0.096 2.81 3.961 4.993 1.999 1 0 0 0 0 
0 2.40235 2.85126 1.57913 0.584415 4.73935 4.44464 1.68507 2.77225 1.00232 1.91131 3.21689 2.26902 3.32224 2.41194 0.189803 0.988237 0.146358 3.27049 2.80953 1.77292 2.87215 4.9484 2.01694 2.55335 4.5617 4.94857 2.10242 0.457508 4.99267 0.782282 4.00823 1.05616 0.390784 0.0643478 2.16963 0.517522 3.26677 1.52911 0.365596 4.36284 0.399191 3.52992 1.16906 4.68091 1.57336 4.09158 4.29295 0.879987 0.868582 0.956922 2.08147 4.7616 4.82103 3.33644 2.9863 1.35663 3.31439 1.76606 2.82069 4.20013 0.426053 0.820007 3.094 2.512 3.466 2.459 4.418 0.688 4.443 4.05 3.157 4.252 2.413 0.875 1.974 1.995 5 0 0 0 0 
0 3.73255 3.96194 2.13966 2.24413 4.00677 1.68507 2.1794 1.30826 1.21279 2.67061 2.85427 4.63766 1.89488 3.22423 1.45675 4.72062 2.40506 2.1304 0.516679 3.86728 3.50164 4.49817 4.95835 1.88241 3.51691 1.87306 2.04035 4.84804 2.01479 1.33475 2.9822 2.72181 0.574806 1.80897 1.00846 1.69213 0.274382 1.63484 2.47555 0.838866 3.65585 2.30281 1.78103 4.75923 1.17302 1.40449 2.22975 2.85971 0.953217 4.46892 0.805017 0.757464 4.47426 4.5928 4.3366 0.923208 4.77575 2.25824 0.290517 0.255527 0.999072 0.296016 0.367005 1.294 0.797 2.585 4.51 3.674 3.562 3.153 2.469 1.946 4.473 1.67 0.929 0.985 4.998 2 0 0 0 
0 3.37526 3.81029 1.08588 2.36086 2.48899 2.77225 1.30826 4.18669 4.62272 2.28472 2.7048 1.68551 4.33308 0.226132 4.8346 3.43266 2.50739 4.70426 0.338359 0.820118 2.14551 3.6067 2.33021 1.66102 1.13083 0.712164 0.340906 3.91831 4.57613 4.14652 4.53528 4.80333 1.54443 2.08256 1.76343 4.86482 4.45906 4.17946 0.615509 2.41494 2.10107 3.2106 4.58194 4.99213 2.94466 0.207795 3.18318 0.607385 0.320895 0.102117 4.77 1.02444 0.259505 2.52205 2.49546 2.9664 1.274 0.122251 4.43617 0.560986 2.72114 0.53405 1.64201 2.712 0.711001 4.083 1.584 4.592 3.927 4.682 2.445 3.282 1.552 2.245 0.835 4.965 1.993 1.999 1 0 0 
0 0.933087 1.49965 3.45781 3.42456 2.99584 1.00232 1.21279 4.62272 3.86557 4.05796 2.58903 0.000231648 3.12934 0.126637 4.59273 4.48639 2.63419 4.17782 1.97283 1.02586 2.83228 1.89414 2.64718 0.080848 3.83884 2.21236 4.82247 4.30384 0.687691 3.25109 2.93367 0.574533 0.0722303 2.55609 3.08573 1.56092 3.27662 1.5165 4.65357 4.77676 3.70177 0.645829 3.60102 4.62171 1.72018 1.35673 4.13796 0.702098 2.68748 2.08176 2.91131 0.365363 4.36495 3.21887 3.854 1.80331 3.86447 4.65321 2.13104 2.40443 0.945205 3.97307 2.35201 3.686 4.292 0.312 3.198 4.87 2.121 0.886 4.495 1.962 4.105 3.471 3.662 2.926 0.984 1.997 3 0 0 
0 4.5024 3.1374 1.9573 1.88219 4.13137 1.91131 2.67061 2.28472 4.05796 0.285652 2.05285 1.42357 2.78421 4.91762 0.746829 2.72388 3.08702 3.92907 4.34129 3.20554 4.93522 0.486013 4.70963 2.87759 3.67305 2.45738 1.78227 2.82796 3.61359 3.45929 4.33893 4.10429 1.73227 0.983711 0.435124 1.512 0.286164 2.78545 4.9661 0.0186277 4.55861 3.55586 0.852553 0.491148 2.9619 1.0266 4.24737 0.322932 1.69926 0.72266 2.96957 3.45642 1.21057 3.48542 3.24971 3.43722 1.16635 0.184666 2.75377 4.29959 3.25639 1.08709 4.79602 2.736 2.584 1.446 0.0220001 3.019 4.789 4.953 2.139 3.832 0.59 1.213 4.376 2.861 4.97 2.994 0.999 1 0 
0 0.925253 0.088921 0.223353 3.34966 4.20616 3.21689 2.85427 2.7048 2.58903 2.05285 3.17767 3.16761 1.42458 4.03632 3.65047 4.76996 4.81563 4.60428 3.52951 3.98659 3.0417 2.9484 1.38511 0.41143 0.331808 0.754056 1.46413 4.71734 3.98685 4.79539 4.7587 1.82099 3.83354 0.555896 0.00369593 2.57101 0.670741 4.24893 1.83703 2.17286 1.80456 0.383615 3.94509 3.37625 4.09496 2.34069 4.67636 4.08861 4.26295 4.8781 2.23923 0.899156 3.29158 1.78572 2.45381 0.350186 0.075645 1.7781 2.16138 2.53303 3.0285 0.528187 0.831029 0.732005 2.396 2.544 4.122 2.557 2.167 0.967 2.3 3.645 4.652 0.374 3.951 2.763 1.947 3.989 1.998 2 0 
0 1.50538 4.8192 4.40886 0.241162 1.49076 2.26902 4.63766 1.68551 0.000231648 1.42357 3.16761 4.62631 2.01344 1.33341 1.57175 0.967499 3.09137 1.6528 3.64112 2.50039 1.96149 0.159485 3.46308 1.82493 3.13634 3.16651 2.22606 1.65469 4.77339 3.3416 4.29717 0.368854 0.266158 3.62367 0.385309 4.18456 2.77869 3.53838 1.10726 2.51946 4.90488 0.0625229 0.685657 2.8544 0.510236 2.96183 4.26271 4.76757 2.42313 4.57336 2.45994 0.561895 0.224553 1.84058 2.05189 4.75742 0.362356 1.02949 4.3177 2.42399 1.19948 1.13614 2.73604 2.66401 1.847 4.727 4.934 1.755 1.335 0.359 4.248 3.806 1.298 0.936 1.378 3.629 3.916 4.982 4.997 3 0 
0 2.77012 1.01998 2.96997 4.35097 2.61371 3.32224 1.89488 4.33308 3.12934 2.78421 1.42458 2.01344 1.30453 0.163703 3.48355 3.74494 1.98972 1.69154 4.63461 0.69993 3.8344 1.61042 1.91318 0.815832 2.4143 2.62034 2.34416 3.4323 0.748091 2.7693 0.737065 0.753801 1.92633 0.635784 0.649 3.97552 1.99952 0.688092 3.83776 4.30404 0.285621 4.11588 3.56577 4.36019 2.49691 1.95999 2.8328 1.91167 0.905165 4.02126 2.77167 4.12274 0.177259 4.43113 4.08921 0.394488 2.83763 4.01582 4.83055 2.99828 2.69097 0.966277 3.98303 4.51502 1.932 2.63 1.795 3.896 1.313 3.608 0.929 0.784 0.025 3.995 4.676 4.462 1.876 1.972 0.994 0.999 1 
0 1.78646 4.93289 2.13828 0.3119 1.87025 2.41194 3.22423 0.226132 0.126637 4.91762 4.03632 1.33341 0.163703 2.14625 0.947075 0.84211 2.27257 0.229502 3.28515 4.33683 2.18628 4.74504 3.11451 1.08751 3.04151 3.67426 3.27748 2.36131 4.44376 0.316391 3.71706 3.31933 2.62825 3.06338 2.94607 1.44479 1.52287 4.27969 4.38584 2.65485 1.41406 2.29794 3.79344 2.34695 4.4523 1.36914 4.32271 0.733585 1.67388 4.40735 4.03868 4.12763 1.91648 0.850238 1.68228 2.92963 2.61028 2.50934 2.36435 2.72386 1.9171 2.68418 1.87505 4.35502 1.146 0.340001 1.228 0.019 0.838 0.538 1.895 2.984 4.814 2.765 0.889 3.271 2.83 2.961 4.992 3.999 1 
0 0.335717 1.93215 0.475501 4.7457 4.01804 0.189803 1.45675 4.8346 4.59273 0.746829 3.65047 1.57175 3.48355 0.947075 2.6119 2.74097 0.515762 2.33023 0.53411 2.88732 4.9205 2.26425 0.800945 3.59408 4.43521 0.23783 0.942711 1.88805 0.0792551 0.573789 4.03079 2.38946 1.35089 4.06844 3.30958 0.251922 2.05617 1.32918 3.04362 4.28205 2.90381 3.18415 2.80175 0.95429 0.955128 3.77004 4.98763 4.83644 3.94226 0.297161 3.50628 1.58549 2.58169 3.55816 0.605837 0.911715 0.985035 3.53921 2.18744 3.49879 1.55031 4.87318 4.09307 2.09401 0.863006 3.502 0.304 2.212 0.793 3.473 4.916 1.038 3.985 3.554 3.09 3.073 1.781 2.949 3.989 1.998 2 
0 1.4549 2.42381 3.48038 1.96634 4.76614 0.988237 4.72062 3.43266 4.48639 2.72388 4.76996 0.967499 3.74494 0.84211 2.74097 0.00643338 0.852279 0.339746 3.41491 2.46705 4.34515 0.266634 2.60363 3.92574 0.745535 3.66576 0.113542 0.250059 2.1097 2.52357 1.65501 1.99677 0.908328 4.32176 4.66229 0.928459 1.16677 3.31259 4.83216 4.98439 1.29642 0.583262 1.31933 0.277042 2.29611 3.71914 1.15703 1.79563 4.67396 0.682388 0.569141 4.79016 4.67123 1.48173 4.14974 0.71903 0.482077 2.23053 4.15936 1.19758 3.34731 0.980181 3.39207 1.01402 4.50601 2.337 3.612 4.928 3.573 0.936 0.244 1.723 1.958 3.707 3.361 4.888 0.734 1.937 3.986 0.997 3 
0 2.99602 3.63893 1.92973 2.02991 0.293438 0.146358 2.40506 2.50739 2.63419 3.08702 4.81563 3.09137 1.98972 2.27257 0.515762 0.852279 1.95462 4.51628 0.697075 1.63734 2.53955 3.83143 3.40162 0.143524 4.97469 4.98855 2.77116 2.52947 0.0825332 1.95183 0.737187 3.52302 4.5949 1.36717 1.09397 2.40671 4.46225 0.347697 2.07518 3.47349 1.28227 4.93167 3.12871 3.07978 1.20818 2.63596 2.22414 2.43451 4.0564 2.8637 1.18005 0.343478 2.65069 0.363706 1.1181 4.30951 0.644875 4.46419 3.35323 3.3005 1.4231 4.01623 1.49107 1.02002 3.17901 0.521001 0.631 4.182 2.41 0.066 4.957 4.809 4.972 4.541 2.782 3.735 0.694 3.927 1.983 4.997 3 
0 0.0431448 0.0324416 4.73861 4.01852 1.88352 3.27049 2.1304 4.70426 4.17782 3.92907 4.60428 1.6528 1.69154 0.229502 2.33023 0.339746 4.51628 4.39604 4.51692 1.50998 2.27768 2.51572 2.20744 3.97821 3.71105 2.50954 2.59693 4.58666 0.109342 0.49226 4.62475 1.45051 3.89762 4.82874 2.85779 0.86488 2.55069 1.51446 0.0211466 0.489386 1.58738 4.27399 0.373112 0.655656 4.61747 0.216269 2.95151 3.88362 1.59654 4.96552 0.691097 1.49963 3.84025 2.85254 2.49605 4.25787 2.55951 4.20155 2.09435 0.315927 0.348829 0.612164 1.36705 1.96502 2.69701 4.92 1.831 1.637 0.267 3.878 0.668 0.17 0.847 4.283 4.415 3.631 4.666 1.919 2.981 1.996 4 
0 3.78512 2.85309 0.295829 0.285883 4.21884 2.80953 0.516679 0.338359 1.97283 4.34129 3.52951 3.64112 4.63461 3.28515 0.53411 3.41491 0.697075 4.51692 1.91887 4.90255 0.82191 2.91628 3.53442 0.695832 3.42916 1.62876 4.10407 2.98338 3.60015 3.34956 4.87884 0.118958 2.88563 4.24002 1.61086 2.98487 3.43115 0.0707559 2.3192 0.734671 3.67786 1.60437 3.8403 1.30221 1.84241 2.62083 2.38851 0.875271 2.74789 1.08047 1.46229 4.87309 4.34386 3.49884 4.78682 3.45593 2.47144 1.63183 4.81089 4.8297 3.4077 0.48518 1.87603 1.69801 1.09601 1.045 4.314 0.341 3.363 3.819 2.392 4.387 3.866 3.035 4.292 0.585 3.651 4.915 3.98 3.996 4 
0 2.264 4.91969 3.93723 0.541396 0.78422 1.77292 3.86728 0.820118 1.02586 3.20554 3.98659 2.50039 0.69993 4.33683 2.88732 2.46705 1.63734 1.50998 4.90255 0.131945 2.11227 3.64973 4.39789 2.25575 4.51583 2.0824 2.08703 2.07347 4.07886 2.03586 0.89791 4.93523 1.04407 4.98077 3.88505 3.53847 1.2648 1.73054 4.25756 0.606596 4.41 1.93653 1.82614 4.58085 4.41394 2.49728 4.86035 1.20792 4.63726 2.50783 2.21958 4.28246 3.93333 0.364178 2.62325 0.37527 4.95714 0.847288 2.99476 3.02205 0.0309365 0.278137 3.36604 1.79601 0.784003 0.245001 3.623 1.402 4.603 4.969 1.548 0.857 3.763 4.765 2.413 0.6 3.651 3.914 0.979 4.996 4 
0 1.94273 4.44527 2.68495 3.6607 0.829772 2.87215 3.50164 2.14551 2.83228 4.93522 3.0417 1.96149 3.8344 2.18628 4.9205 4.34515 2.53955 2.27768 0.82191 2.11227 0.846157 3.00133 2.44355 1.72995 4.81704 3.95545 4.28908 2.25836 4.93058 3.27256 4.90799 4.71163 4.78357 1.89056 2.20194 0.795636 4.40631 4.48236 3.80341 2.06914 1.4621 4.28809 0.326881 1.41497 2.05993 2.91608 3.5373 4.9508 4.93686 0.22119 4.89634 3.93695 4.02907 2.47535 1.64589 2.66692 4.62973 0.179311 4.26156 4.09159 2.09847 3.83314 1.25605 0.908011 1.796 1.153 4.596 2.647 2.789 0.916 1.541 4.344 1.838 1.325 1.749 4.671 2.665 0.916 4.98 3.996 4 
0 3.37418 2.62948 2.3702 2.488 3.47563 4.9484 4.49817 3.6067 1.89414 0.486013 2.9484 0.159485 1.61042 4.74504 2.26425 0.266634 3.83143 2.51572 2.91628 3.64973 3.00133 3.64069 1.17225 3.84982 1.17797 1.14844 4.90978 3.51266 1.90862 3.89913 3.84164 3.2003 3.67222 3.20587 2.21413 3.60718 3.20558 1.2774 0.566304 3.55037 3.46559 2.26364 3.22 4.77197 2.76967 3.90826 4.77047 0.693747 1.77967 2.82922 1.20054 0.158628 0.47562 4.17886 1.98895 1.26521 2.33115 2.91606 4.96993 4.56688 1.75136 3.89813 4.72403 2.18701 0.568002 3.013 4.015 0.838 2.294 3.469 1.017 0.728 2.128 3.495 1.25 2.785 4.691 2.922 2.981 2.996 4 
0 0.418406 1.16437 1.45067 0.45503 2.5129 2.01694 4.95835 2.33021 2.64718 4.70963 1.38511 3.46308 1.91318 3.11451 0.800945 2.60363 3.40162 2.20744 3.53442 4.39789 2.44355 1.17225 0.789552 0.555064 2.28335 2.22443 2.57034 2.42421 1.99208 0.405394 3.12862 2.34888 1.74537 3.53088 3.40407 3.14539 3.88763 3.32288 2.83079 3.85995 0.413505 3.77457 4.30102 1.14102 3.66622 3.56682 0.426994 2.26279 0.532658 1.22535 4.51496 2.79333 0.751427 3.38034 3.08704 2.99552 2.71978 2.92168 0.425993 0.593159 2.53325 2.67407 4.67102 4.19801 3.81 1.042 0.278 1.816 2.014 4.781 3.94 1.781 4.595 4.022 3.856 2.929 4.725 2.93 3.983 0.996 4 
0 1.38703 3.22151 1.97312 4.09001 4.62209 2.55335 1.88241 1.66102 0.080848 2.87759 0.41143 1.82493 0.815832 1.08751 3.59408 3.92574 0.143524 3.97821 0.695832 2.25575 1.72995 3.84982 0.555064 0.116891 3.62449 2.06294 0.39846 3.75874 4.30022 2.17679 2.3154 4.5552 1.43526 1.64349 3.80943 2.96108 2.56603 2.35146 4.10743 0.430214 3.45523 0.383502 3.69805 2.11266 1.54506 4.63215 0.787161 2.3155 0.293879 2.98694 3.05202 4.24221 2.47042 3.25867 4.58219 2.44849 3.42012 2.33279 1.08569 4.43372 1.35119 2.63207 1.93102 3.078 0.161002 2.232 1.028 0.431 3.34 0.771 2.888 3.773 1.284 0.664 1.505 0.087 2.763 1.939 2.985 3.997 3 
0 4.91333 2.16082 4.36072 1.98535 3.64899 4.5617 3.51691 1.13083 3.83884 3.67305 0.331808 3.13634 2.4143 3.04151 4.43521 0.745535 4.97469 3.71105 3.42916 4.51583 4.81704 1.17797 2.28335 3.62449 2.50129 0.0923512 1.38672 0.92566 4.09969 4.26903 3.57609 3.75118 0.0945392 4.53127 3.2731 4.10394 4.52537 4.27723 2.12305 2.04329 2.59549 2.22698 1.39744 2.73226 3.74047 1.7751 0.219037 2.84178 0.688673 2.64404 4.04511 4.69032 3.72877 1.77127 4.58324 1.60467 4.65703 4.29381 0.981095 3.87748 2.23013 3.65404 2.95301 4.096 2.169 4.327 4.662 0.628 3.966 0.171 2.326 3.851 4.436 4.223 4.147 0.247 4.803 2.949 0.987 0.997 3 
0 3.49854 0.283534 3.73263 3.14613 0.761921 4.94857 1.87306 0.712164 2.21236 2.45738 0.754056 3.16651 2.62034 3.67426 0.23783 3.66576 4.98855 2.50954 1.62876 2.0824 3.95545 1.14844 2.22443 2.06294 0.0923512 4.28254 4.19151 0.125473 2.91098 0.064543 0.176537 0.0185824 0.188426 0.811631 1.16634 2.28743 2.88685 1.60265 0.55987 2.48949 0.261949 1.91261 1.59059 4.93327 1.02737 3.66718 1.15718 4.35526 4.2997 3.63608 3.1572 1.37794 4.69869 1.93217 3.35451 0.838357 0.259074 3.31483 2.86987 2.5515 2.39409 2.92203 3.84001 4.272 1.848 1.105 3.723 0.145 3.792 4.712 4.895 2.173 4.529 4.553 2.741 1.398 3.841 4.959 3.99 2.998 2 
0 1.99267 1.27298 1.99045 4.03273 0.571833 2.10242 2.04035 0.340906 4.82247 1.78227 1.46413 2.22606 2.34416 3.27748 0.942711 0.113542 2.77116 2.59693 4.10407 2.08703 4.28908 4.90978 2.57034 0.39846 1.38672 4.19151 2.83049 4.51145 0.542423 4.62729 1.37192 0.0405559 4.70537 1.05275 2.98487 0.609291 3.12381 3.22185 2.62864 1.30829 4.35825 1.2226 2.33698 2.52033 3.45585 2.76632 2.6127 4.96814 4.84258 3.11887 1.15181 4.43369 2.74525 1.4725 3.78812 2.09764 0.0363405 4.39972 1.17274 4.44716 3.0851 2.15502 4.888 0.0860014 3.762 3.295 3.22 2.531 1.31 4.638 2.971 3.847 0.28 0.568 4.263 3.533 0.875 0.967 2.992 4.999 1 
0 2.74871 0.258289 3.92126 4.62893 0.19739 0.457508 4.84804 3.91831 4.30384 2.82796 4.71734 1.65469 3.4323 2.36131 1.88805 0.250059 2.52947 4.58666 2.98338 2.07347 2.25836 3.51266 2.42421 3.75874 0.92566 0.125473 4.51145 2.03416 1.05113 4.34896 2.06191 2.7832 1.05398 1.55883 0.218385 0.155629 3.20669 1.41675 4.57267 3.06829 2.87179 2.06309 3.32419 0.593764 4.1752 2.03934 1.72156 0.715318 4.01262 2.01294 1.21374 0.29008 1.84075 4.5413 4.04715 1.03516 4.95517 0.666601 1.3083 3.52119 1.34904 1.48102 4.53401 1.36 2.968 4.981 3.428 3.521 0.961 3.886 3.818 1.746 1.609 3.237 3.701 0.647 2.905 2.975 2.994 1.999 1 
0 3.63963 0.901726 4.60337 2.0293 0.155081 4.99267 2.01479 4.57613 0.687691 3.61359 3.98685 4.77339 0.748091 4.44376 0.0792551 2.1097 0.0825332 0.109342 3.60015 4.07886 4.93058 1.90862 1.99208 4.30022 4.09969 2.91098 0.542423 1.05113 4.94608 1.81639 4.27259 0.886412 2.91989 1.25767 3.49131 3.90439 2.71576 0.358891 1.02711 1.13826 1.30872 1.81657 3.16198 4.50897 0.243144 0.15776 3.93956 2.67275 3.49379 3.5155 2.02866 1.75817 0.26974 3.87272 3.12415 4.90948 0.500804 4.78226 1.63227 0.604047 2.33302 3.10901 0.0590016 2.354 2.775 4.436 0.066 2.762 3.753 3.043 3.605 4.28 3.581 3.565 3.054 3.741 3.93 4.982 3.996 5 0 
0 0.632954 4.82021 1.24195 1.99854 1.65163 0.782282 1.33475 4.14652 3.25109 3.45929 4.79539 3.3416 2.7693 0.316391 0.573789 2.52357 1.95183 0.49226 3.34956 2.03586 3.27256 3.89913 0.405394 2.17679 4.26903 0.064543 4.62729 4.34896 1.81639 2.86693 2.94742 2.71281 2.83327 0.559227 2.12241 4.31615 0.468154 1.03319 2.89565 2.92067 1.66696 3.29125 1.89645 1.10991 4.13688 3.48893 2.08985 1.35522 3.02442 3.98261 3.61016 2.20271 4.15579 3.2815 0.681198 3.3466 4.39881 4.26475 1.3322 3.65405 1.22802 1.781 3.803 1.985 1.837 0.046 1.759 4.661 2.756 3.838 2.511 3.165 0.351 1.584 1.328 0.814 0.949 3.987 1.997 3 0 
0 2.71168 2.48618 4.89151 0.16309 2.86236 4.00823 2.9822 4.53528 2.93367 4.33893 4.7587 4.29717 0.737065 3.71706 4.03079 1.65501 0.737187 4.62475 4.87884 0.89791 4.90799 3.84164 3.12862 2.3154 3.57609 0.176537 1.37192 2.06191 4.27259 2.94742 0.478359 3.51673 4.63772 3.63049 2.25463 4.41481 3.94682 2.13142 2.70409 2.75793 0.362185 0.223029 1.13451 0.340928 3.6279 3.72973 1.18329 1.1443 1.10873 0.944053 1.50236 0.667048 2.69341 4.22826 3.63569 3.1435 2.40162 1.50853 0.318122 4.45603 3.02101 2.525 3.368 2.585 4.6 0.269 3.141 2.979 4.526 0.524 2.022 2.242 1.12 4.342 4.535 0.87 0.964 3.991 1.998 2 0 
0 4.17191 2.84735 0.0312299 1.0313 4.37571 1.05616 2.72181 4.80333 0.574533 4.10429 1.82099 0.368854 0.753801 3.31933 2.38946 1.99677 3.52302 1.45051 0.118958 4.93523 4.71163 3.2003 2.34888 4.5552 3.75118 0.0185824 0.0405559 2.7832 0.886412 2.71281 3.51673 2.76123 4.58776 0.12263 4.12476 0.229085 3.79017 2.40458 4.37397 4.56744 3.81665 0.4523 2.18589 4.75009 1.71384 2.03559 4.27941 4.9385 2.28405 2.87931 2.30317 2.21102 4.06706 2.61167 3.73781 2.98231 4.80598 1.46627 1.83408 2.45902 2.12901 3.735 0.607 4.689 2.048 3.009 1.566 1.7 0.359 2.21 0.456 3.343 3.094 2.888 1.685 4.912 3.976 2.994 2.999 1 0 
0 1.69057 2.32792 2.09277 4.76576 2.86674 0.390784 0.574806 1.54443 0.0722303 1.73227 3.83354 0.266158 1.92633 2.62825 1.35089 0.908328 4.5949 3.89762 2.88563 1.04407 4.78357 3.67222 1.74537 1.43526 0.0945392 0.188426 4.70537 1.05398 2.91989 2.83327 4.63772 4.58776 2.31313 2.53992 4.49482 0.980793 4.01956 1.57553 1.15201 1.61324 2.71237 0.784083 1.87425 4.48545 1.5332 2.29536 2.35275 0.27066 1.57076 1.91561 4.08515 4.19545 1.24586 0.616464 0.438495 1.6584 4.08053 2.69914 1.06405 1.61601 0.837005 3.426 1.886 2.095 1.861 0.729 0.277 4.638 2.671 4.998 0.697 1.21 3.462 4.271 3.792 0.941 2.984 1.996 5 0 0 
0 3.92983 1.01575 3.94598 0.0170226 1.30774 0.0643478 1.80897 2.08256 2.55609 0.983711 0.555896 3.62367 0.635784 3.06338 4.06844 4.32176 1.36717 4.82874 4.24002 4.98077 1.89056 3.20587 3.53088 1.64349 4.53127 0.811631 1.05275 1.55883 1.25767 0.559227 3.63049 0.12263 2.53992 4.45011 4.43848 3.62441 2.90432 1.57206 3.24014 2.87092 0.211741 0.0570648 2.36 1.4833 0.254815 0.273619 3.37416 0.236542 4.99328 2.46336 3.98233 3.33082 1.41169 2.26128 0.76261 0.043727 1.57016 0.415075 3.19202 3.52201 0.877002 2.846 2.908 4.306 1.86 1.554 0.657 2.806 0.539 3.721 3.088 1.461 0.385 3.532 0.865 3.962 3.99 3.998 2 0 0 
0 2.65804 2.79581 3.47356 1.571 0.0631675 2.16963 1.00846 1.76343 3.08573 0.435124 0.00369593 0.385309 0.649 2.94607 3.30958 4.66229 1.09397 2.85779 1.61086 3.88505 2.20194 2.21413 3.40407 3.80943 3.2731 1.16634 2.98487 0.218385 3.49131 2.12241 2.25463 4.12476 4.49482 4.43848 4.78777 3.56077 3.75276 0.989508 2.70111 0.0312978 4.40828 4.42781 1.69554 4.87819 3.16823 2.12953 0.117497 3.63095 0.697749 2.70653 4.0125 2.62375 3.90635 1.44715 4.33593 2.46832 0.872129 4.38603 3.46401 4.96 0.252001 4.773 3.713 0.618 4.824 4.629 1.146 3.078 2.55 0.062 3.433 2.58 3.994 3.706 3.915 2.976 3.994 2.999 1 0 0 
0 0.827876 4.16137 2.33931 1.29506 1.36413 0.517522 1.69213 4.86482 1.56092 1.512 2.57101 4.18456 3.97552 1.44479 0.251922 0.928459 2.40671 0.86488 2.98487 3.53847 0.795636 3.60718 3.14539 2.96108 4.10394 2.28743 0.609291 0.155629 3.90439 4.31615 4.41481 0.229085 0.980793 3.62441 3.56077 1.92574 1.8564 1.80877 3.7117 2.24451 2.28238 2.27504 2.92478 0.354502 4.38808 3.48732 3.59415 2.52361 4.62292 1.61717 2.02083 3.31847 0.331487 0.688593 1.59246 1.19514 3.68505 0.139016 1.04501 3.861 4.975 1.919 1.312 1.305 1.595 0.189 2.434 4.554 4.237 2.865 0.061 1.929 1.385 3.819 0.947 1.985 0.996 5 0 0 0 
0 4.57855 1.8001 4.42393 0.473191 4.13338 3.26677 0.274382 4.45906 3.27662 0.286164 0.670741 2.77869 1.99952 1.52287 2.05617 1.16677 4.46225 2.55069 3.43115 1.2648 4.40631 3.20558 3.88763 2.56603 4.52537 2.88685 3.12381 3.20669 2.71576 0.468154 3.94682 3.79017 4.01956 2.90432 3.75276 1.8564 0.632343 0.625442 3.57351 0.544642 3.32194 0.867359 1.71009 4.18658 0.737132 1.98246 2.43466 1.09408 1.87346 2.63892 1.44523 1.3741 2.84657 3.38872 4.46518 2.17609 2.88703 3.01701 4.327 0.290001 0.834 3.815 4.034 2.613 4.425 4.629 0.307 4.002 1.657 4.508 1.915 4.77 4.632 3.891 1.968 1.991 2.998 2 0 0 0 
0 4.18479 0.0852523 0.143713 0.324293 4.63932 1.52911 1.63484 4.17946 1.5165 2.78545 4.24893 3.53838 0.688092 4.27969 1.32918 3.31259 0.347697 1.51446 0.0707559 1.73054 4.48236 1.2774 3.32288 2.35146 4.27723 1.60265 3.22185 1.41675 0.358891 1.03319 2.13142 2.40458 1.57553 1.57206 0.989508 1.80877 0.625442 4.04441 4.77818 2.24531 1.13016 3.41408 1.68421 4.68197 2.37127 3.28558 4.30334 2.57448 3.53235 3.35683 3.56097 2.00091 1.47521 2.89456 0.315186 0.828038 1.59302 4.512 4.49 2.839 0.937 3.921 2.746 3.572 1.536 3.602 3.435 1.504 3.838 1.271 1.638 1.282 0.783 0.935 1.981 2.995 1.999 1 0 0 0 
0 3.46617 4.22081 4.88874 3.35843 4.79693 0.365596 2.47555 0.615509 4.65357 4.9661 1.83703 1.10726 3.83776 4.38584 3.04362 4.83216 2.07518 0.0211466 2.3192 4.25756 3.80341 0.566304 2.83079 4.10743 2.12305 0.55987 2.62864 4.57267 1.02711 2.89565 2.70409 4.37397 1.15201 3.24014 2.70111 3.7117 3.57351 4.77818 0.606119 2.79653 2.5601 3.2099 4.19514 4.11508 2.15753 0.88156 0.28438 3.13595 0.084035 0.694319 4.21229 2.75537 1.72049 4.76416 2.06707 1.82103 2.76701 0.799002 2.381 2.269 4.162 0.953 3.158 3.85 4.766 0.965 1.309 1.972 0.965 4.649 1.658 4.589 2.875 4.963 0.989 0.997 4 0 0 0 0 
0 4.6322 0.255354 0.0730207 3.17874 4.64199 4.36284 0.838866 2.41494 4.77676 0.0186277 2.17286 2.51946 4.30404 2.65485 4.28205 4.98439 3.47349 0.489386 0.734671 0.606596 2.06914 3.55037 3.85995 0.430214 2.04329 2.48949 1.30829 3.06829 1.13826 2.92067 2.75793 4.56744 1.61324 2.87092 0.0312978 2.24451 0.544642 2.24531 2.79653 4.12282 0.0794933 0.208748 1.73023 1.49835 4.90306 3.95675 0.823852 4.93048 2.30206 2.98939 0.217633 4.628 1.19121 1.47709 0.106025 3.10101 0.552003 0.540001 1.278 1.325 1.362 3.943 3.68 3.179 4.942 4.831 2.644 4.529 3.301 2.591 0.25 0.768 1.929 2.979 1.994 3.999 1 0 0 0 0 
0 0.590825 4.02754 1.97091 3.06005 0.331787 0.399191 3.65585 2.10107 3.70177 4.55861 1.80456 4.90488 0.285621 1.41406 2.90381 1.29642 1.28227 1.58738 3.67786 4.41 1.4621 3.46559 0.413505 3.45523 2.59549 0.261949 4.35825 2.87179 1.30872 1.66696 0.362185 3.81665 2.71237 0.211741 4.40828 2.28238 3.32194 1.13016 2.5601 0.0794933 3.80042 0.734039 0.217003 4.49697 4.50933 1.02224 2.44631 4.76478 1.01508 1.27208 4.52504 0.148272 3.20712 0.0430499 0.513016 2.973 3.445 1.803 0.904 3.543 1.012 2.253 2.131 3.906 1.849 2.362 3.01 2.911 3.844 3.688 1.588 3.872 3.961 4.989 1.997 4 0 0 0 0 0 
0 0.0343572 4.86085 3.62264 0.967012 1.3942 3.52992 2.30281 3.2106 0.645829 3.55586 0.383615 0.0625229 4.11588 2.29794 3.18415 0.583262 4.93167 4.27399 1.60437 1.93653 4.28809 2.26364 3.77457 0.383502 2.22698 1.91261 1.2226 2.06309 1.81657 3.29125 0.223029 0.4523 0.784083 0.0570648 4.42781 2.27504 0.867359 3.41408 3.2099 0.208748 0.734039 4.85529 2.27134 2.09334 0.18137 4.17961 2.65765 0.842422 2.0325 0.883151 4.3315 4.40916 0.0800286 4.89602 1.81701 1.29 0.311001 2.84 1.244 1.554 0.278 3.832 3.367 0.178 0.646 1.015 3.61 2.106 2.791 0.296 0.777 0.93 3.979 1.994 3.999 1 0 0 0 0 0 
0 3.1612 2.42447 4.21531 3.41075 0.312381 1.16906 1.78103 4.58194 3.60102 0.852553 3.94509 0.685657 3.56577 3.79344 2.80175 1.31933 3.12871 0.373112 3.8403 1.82614 0.326881 3.22 4.30102 3.69805 1.39744 1.59059 2.33698 3.32419 3.16198 1.89645 1.13451 2.18589 1.87425 2.36 1.69554 2.92478 1.71009 1.68421 4.19514 1.73023 0.217003 2.27134 3.41148 2.36887 4.49744 2.90163 2.12971 2.32484 1.03086 1.53625 2.49614 0.861075 1.34402 2.47901 4.023 2.415 0.425001 4.385 3.969 3.112 0.112 2.541 1.767 1.651 0.88 1.386 3.002 3.423 4.844 4.629 3.882 2.963 2.989 1.997 4 0 0 0 0 0 0 
0 0.0727353 1.12508 0.495052 0.781522 4.89333 4.68091 4.75923 4.99213 4.62171 0.491148 3.37625 2.8544 4.36019 2.34695 0.95429 0.277042 3.07978 0.655656 1.30221 4.58085 1.41497 4.77197 1.14102 2.11266 2.73226 4.93327 2.52033 0.593764 4.50897 1.10991 0.340928 4.75009 4.48545 1.4833 4.87819 0.354502 4.18658 4.68197 4.11508 1.49835 4.49697 2.09334 2.36887 3.00028 0.970378 4.67964 2.72732 0.19667 1.09947 2.08818 2.71905 3.64902 4.35801 2.44701 1.577 1.135 2.905 0.399 0.269 4.157 2.837 2.943 3.233 4.008 1.188 4.119 3.426 4.171 4.404 1.807 0.938 3.981 4.995 2.999 1 0 0 0 0 0 0 
0 1.40367 4.84295 2.40378 2.52594 4.19872 1.57336 1.17302 2.94466 1.72018 2.9619 4.09496 0.510236 2.49691 4.4523 0.955128 2.29611 1.20818 4.61747 1.84241 4.41394 2.05993 2.76967 3.66622 1.54506 3.74047 1.02737 3.45585 4.1752 0.243144 4.13688 3.6279 1.71384 1.5332 0.254815 3.16823 4.38808 0.737132 2.37127 2.15753 4.90306 4.50933 0.18137 4.49744 0.970378 0.125821 4.85131 2.86937 1.19973 4.2122 4.6811 3.43403 0.695014 2.811 4.163 2.669 2.879 0.494 2.673 1.846 0.868 0.511 4.419 0.374 4.092 0.061 1.638 3.214 4.078 2.697 0.901 0.968 0.99 4.998 3 0 0 0 0 0 0 0 
0 3.18066 2.6876 3.5358 4.83884 3.80292 4.09158 1.40449 0.207795 1.35673 1.0266 2.34069 2.96183 1.95999 1.36914 3.77004 3.71914 2.63596 0.216269 2.62083 2.49728 2.91608 3.90826 3.56682 4.63215 1.7751 3.66718 2.76632 2.03934 0.15776 3.48893 3.72973 2.03559 2.29536 0.273619 2.12953 3.48732 1.98246 3.28558 0.88156 3.95675 1.02224 4.17961 2.90163 4.67964 4.85131 3.44438 4.05375 4.69318 0.763082 0.926049 3.18801 4.604 3.325 4.203 1.963 2.704 0.852 2.846 1.738 3.015 1.078 3.16 2.528 4.532 4.922 0.913 1.626 0.541 1.848 0.95 1.984 0.995 1.999 1 0 0 0 0 0 0 0 
0 0.82338 2.21391 0.937746 4.55679 1.60706 4.29295 2.22975 3.18318 4.13796 4.24737 4.67636 4.26271 2.8328 4.32271 4.98763 1.15703 2.22414 2.95151 2.38851 4.86035 3.5373 4.77047 0.426994 0.787161 0.219037 1.15718 2.6127 1.72156 3.93956 2.08985 1.18329 4.27941 2.35275 3.37416 0.117497 3.59415 2.43466 4.30334 0.28438 0.823852 2.44631 2.65765 2.12971 2.72732 2.86937 4.05375 1.16421 4.4491 3.90005 2.46502 4.126 4.411 2.516 1.739 1.45 0.037 2.461 1.626 3.106 3.45 4.386 4.538 0.423 3.195 2.225 0.028 0.331 2.775 1.925 4.976 4.993 1.998 3 0 0 0 0 0 0 0 0 
0 2.18306 0.559106 1.87611 4.57093 4.39791 0.879987 2.85971 0.607385 0.702098 0.322932 4.08861 4.76757 1.91167 0.733585 4.83644 1.79563 2.43451 3.88362 0.875271 1.20792 4.9508 0.693747 2.26279 2.3155 2.84178 4.35526 4.96814 0.715318 2.67275 1.35522 1.1443 4.9385 0.27066 0.236542 3.63095 2.52361 1.09408 2.57448 3.13595 4.93048 4.76478 0.842422 2.32484 0.19667 1.19973 4.69318 4.4491 1.32305 3.48501 0.346007 2.573 0.847 4.855 1.666 3.512 2.528 2.738 2.854 2.075 2.407 0.995 2.92 4.474 3.136 1.273 3.061 2.679 0.891 3.964 4.989 2.997 5 0 0 0 0 0 0 0 0 0 
0 0.29302 4.95587 2.85793 0.489151 1.32438 0.868582 0.953217 0.320895 2.68748 1.69926 4.26295 2.42313 0.905165 1.67388 3.94226 4.67396 4.0564 1.59654 2.74789 4.63726 4.93686 1.77967 0.532658 0.293879 0.688673 4.2997 4.84258 4.01262 3.49379 3.02442 1.10873 2.28405 1.57076 4.99328 0.697749 4.62292 1.87346 3.53235 0.084035 2.30206 1.01508 2.0325 1.03086 1.09947 4.2122 0.763082 3.90005 3.48501 0.770008 3.972 4.213 2.259 4.34 3.451 1.459 1.694 3.014 4.716 0.083 3.744 4.565 0.903 2.678 2.364 1.728 0.558 2.848 0.948 2.983 2.995 2.999 1 0 0 0 0 0 0 0 0 0 
0 2.23632 3.03496 4.35371 2.00869 2.89123 0.956922 4.46892 0.102117 2.08176 0.72266 4.8781 4.57336 4.02126 4.40735 0.297161 0.682388 2.8637 4.96552 1.08047 2.50783 0.22119 2.82922 1.22535 2.98694 2.64404 3.63608 3.11887 2.01294 3.5155 3.98261 0.944053 2.87931 1.91561 2.46336 2.70653 1.61717 2.63892 3.35683 0.694319 2.98939 1.27208 0.883151 1.53625 2.08818 4.6811 0.926049 2.46502 0.346007 3.972 1.625 3.331 4.871 4.733 4.384 2.371 2.873 1.975 0.486 3.569 2.283 0.777 1.939 3.325 4.339 2.414 2.795 1.929 2.976 0.992 2.998 3 0 0 0 0 0 0 0 0 0 0 
0 1.21908 0.528636 2.38025 4.57284 3.59149 2.08147 0.805017 4.77 2.91131 2.96957 2.23923 2.45994 2.77167 4.03868 3.50628 0.569141 1.18005 0.691097 1.46229 2.21958 4.89634 1.20054 4.51496 3.05202 4.04511 3.1572 1.15181 1.21374 2.02866 3.61016 1.50236 2.30317 4.08515 3.98233 4.0125 2.02083 1.44523 3.56097 4.21229 0.217633 4.52504 4.3315 2.49614 2.71905 3.43403 3.18801 4.126 2.573 4.213 3.331 2.668 3.762 4.487 3.601 1.16 2.652 1.094 3.98 3.334 4.533 4.066 4.203 4.907 3.25 0.733 1.906 4.968 0.989 3.997 5 0 0 0 0 0 0 0 0 0 0 0 
0 0.513883 2.28885 3.31954 3.33595 3.39073 4.7616 0.757464 1.02444 0.365363 3.45642 0.899156 0.561895 4.12274 4.12763 1.58549 4.79016 0.343478 1.49963 4.87309 4.28246 3.93695 0.158628 2.79333 4.24221 4.69032 1.37794 4.43369 0.29008 1.75817 2.20271 0.667048 2.21102 4.19545 3.33082 2.62375 3.31847 1.3741 2.00091 2.75537 4.628 0.148272 4.40916 0.861075 3.64902 0.695014 4.604 4.411 0.847 2.259 4.871 3.762 2.045 4.252 2.405 1.193 0.554 3.801 0.183 2.714 4.254 3.066 3.455 2.073 1.665 1.88 3.958 3.986 4.996 1.999 1 0 0 0 0 0 0 0 0 0 0 0 
0 1.42892 4.18411 0.19192 1.74605 3.16959 4.82103 4.47426 0.259505 4.36495 1.21057 3.29158 0.224553 0.177259 1.91648 2.58169 4.67123 2.65069 3.84025 4.34386 3.93333 4.02907 0.47562 0.751427 2.47042 3.72877 4.69869 2.74525 1.84075 0.26974 4.15579 2.69341 4.06706 1.24586 1.41169 3.90635 0.331487 2.84657 1.47521 1.72049 1.19121 3.20712 0.0800286 1.34402 4.35801 2.811 3.325 2.516 4.855 4.34 4.733 4.487 4.252 2.759 4.932 2.221 4.632 0.316 4.912 2.73 2.999 2.014 4.895 1.594 0.852 2.947 4.982 1.994 4.999 2 0 0 0 0 0 0 0 0 0 0 0 0 
0 3.26817 2.14222 1.32375 2.44333 4.62021 3.33644 4.5928 2.52205 3.21887 3.48542 1.78572 1.84058 4.43113 0.850238 3.55816 1.48173 0.363706 2.85254 3.49884 0.364178 2.47535 4.17886 3.38034 3.25867 1.77127 1.93217 1.4725 4.5413 3.87272 3.2815 4.22826 2.61167 0.616464 2.26128 1.44715 0.688593 3.38872 2.89456 4.76416 1.47709 0.0430499 4.89602 2.47901 2.44701 4.163 4.203 1.739 1.666 3.451 4.384 3.601 2.405 4.932 4.773 1.278 0.013 0.678 1.723 3.093 4.62 4.728 1.525 0.824 3.936 1.977 0.992 3.998 3 0 0 0 0 0 0 0 0 0 0 0 0 0 
0 0.836215 3.6408 3.19495 1.11364 4.34151 2.9863 4.3366 2.49546 3.854 3.24971 2.45381 2.05189 4.08921 1.68228 0.605837 4.14974 1.1181 2.49605 4.78682 2.62325 1.64589 1.98895 3.08704 4.58219 4.58324 3.35451 3.78812 4.04715 3.12415 0.681198 3.63569 3.73781 0.438495 0.76261 4.33593 1.59246 4.46518 0.315186 2.06707 0.106025 0.513016 1.81701 4.023 1.577 2.669 1.963 1.45 3.512 1.459 2.371 1.16 1.193 2.221 1.278 1.143 1.444 3.43 2.433 0.306 2.586 0.463 1.798 2.925 3.973 4.991 1.997 5 0 0 0 0 0 0 0 0 0 0 0 0 0 0 
0 2.59404 4.82628 4.31748 4.56968 1.16296 1.35663 0.923208 2.9664 1.80331 3.43722 0.350186 4.75742 0.394488 2.92963 0.911715 0.71903 4.30951 4.25787 3.45593 0.37527 2.66692 1.26521 2.99552 2.44849 1.60467 0.838357 2.09764 1.03516 4.90948 3.3466 3.1435 2.98231 1.6584 0.043727 2.46832 1.19514 2.17609 0.828038 1.82103 3.10101 2.973 1.29 2.415 1.135 2.879 2.704 0.037 2.528 1.694 2.873 2.652 0.554 4.632 0.013 1.444 1.983 2.085 3.105 2.483 0.414 2.776 0.915 4.969 2.989 4.997 0.999 1 0 0 0 0 0 0 0 0 0 0 0 0 0 0 
0 4.35501 4.58411 3.92454 3.36972 0.413098 3.31439 4.77575 1.274 3.86447 1.16635 0.075645 0.362356 2.83763 2.61028 0.985035 0.482077 0.644875 2.55951 2.47144 4.95714 4.62973 2.33115 2.71978 3.42012 4.65703 0.259074 0.0363405 4.95517 0.500804 4.39881 2.40162 4.80598 4.08053 1.57016 0.872129 3.68505 2.88703 1.59302 2.76701 0.552003 3.445 0.311001 0.425001 2.905 0.494 0.852 2.461 2.738 3.014 1.975 1.094 3.801 0.316 0.678 3.43 2.085 1.035 3.429 2.383 2.76 3.908 1.965 0.987 3.996 1.999 2 0 0 0 0 0 0 0 0 0 0 0 0 0 0 0 
0 4.485 4.52502 4.70514 0.292238 0.817833 1.76606 2.25824 0.122251 4.65321 0.184666 1.7781 1.02949 4.01582 2.50934 3.53921 2.23053 4.46419 4.20155 1.63183 0.847288 0.179311 2.91606 2.92168 2.33279 4.29381 3.31483 4.39972 0.666601 4.78226 4.26475 1.50853 1.46627 2.69914 0.415075 4.38603 0.139016 3.01701 4.512 0.799002 0.540001 1.803 2.84 4.385 0.399 2.673 2.846 1.626 2.854 4.716 0.486 3.98 0.183 4.912 1.723 2.433 3.105 3.429 1.372 4.752 2.903 3.963 1.986 1.995 3.999 2 0 0 0 0 0 0 0 0 0 0 0 0 0 0 0 0 
0 0.837 2.094 4.27502 2.19512 1.91132 2.82069 0.290517 4.43617 2.13104 2.75377 2.16138 4.3177 4.83055 2.36435 2.18744 4.15936 3.35323 2.09435 4.81089 2.99476 4.26156 4.96993 0.425993 1.08569 0.981095 2.86987 1.17274 1.3083 1.63227 1.3322 0.318122 1.83408 1.06405 3.19202 3.46401 1.04501 4.327 4.49 2.381 1.278 0.904 1.244 3.969 0.269 1.846 1.738 3.106 2.075 0.083 3.569 3.334 2.714 2.73 3.093 0.306 2.483 2.383 4.752 0.901 0.961 0.985 3.995 4.999 2 0 0 0 0 0 0 0 0 0 0 0 0 0 0 0 0 0 
0 0.951 3.756 0.485003 4.35103 2.13809 4.20013 0.255527 0.560986 2.40443 4.29959 2.53303 2.42399 2.99828 2.72386 3.49879 1.19758 3.3005 0.315927 4.8297 3.02205 4.09159 4.56688 0.593159 4.43372 3.87748 2.5515 4.44716 3.52119 0.604047 3.65405 4.45603 2.45902 1.61601 3.52201 4.96 3.861 0.290001 2.839 2.269 1.325 3.543 1.554 3.112 4.157 0.868 3.015 3.45 2.407 3.744 2.283 4.533 4.254 2.999 4.62 2.586 0.414 2.76 2.903 0.961 2.985 4.995 4.999 2 0 0 0 0 0 0 0 0 0 0 0 0 0 0 0 0 0 0 
0 0.146 1.55 1.468 2.61 3.85102 0.426053 0.999072 2.72114 0.945205 3.25639 3.0285 1.19948 2.69097 1.9171 1.55031 3.34731 1.4231 0.348829 3.4077 0.0309365 2.09847 1.75136 2.53325 1.35119 2.23013 2.39409 3.0851 1.34904 2.33302 1.22802 3.02101 2.12901 0.837005 0.877002 0.252001 4.975 0.834 0.937 4.162 1.362 1.012 0.278 0.112 2.837 0.511 1.078 4.386 0.995 4.565 0.777 4.066 3.066 2.014 4.728 0.463 2.776 3.908 3.963 0.985 4.995 4.999 2 0 0 0 0 0 0 0 0 0 0 0 0 0 0 0 0 0 0 0 
0 4.141 0.032 1.637 4.106 2.626 0.820007 0.296016 0.53405 3.97307 1.08709 0.528187 1.13614 0.966277 2.68418 4.87318 0.980181 4.01623 0.612164 0.48518 0.278137 3.83314 3.89813 2.67407 2.63207 3.65404 2.92203 2.15502 1.48102 3.10901 1.781 2.525 3.735 3.426 2.846 4.773 1.919 3.815 3.921 0.953 3.943 2.253 3.832 2.541 2.943 4.419 3.16 4.538 2.92 0.903 1.939 4.203 3.455 4.895 1.525 1.798 0.915 1.965 1.986 3.995 4.999 2 0 0 0 0 0 0 0 0 0 0 0 0 0 0 0 0 0 0 0 0 
0 3.211 3.344 2.28 3.493 1.712 3.094 0.367005 1.64201 2.35201 4.79602 0.831029 2.73604 3.98303 1.87505 4.09307 3.39207 1.49107 1.36705 1.87603 3.36604 1.25605 4.72403 4.67102 1.93102 2.95301 3.84001 4.888 4.53401 0.0590016 3.803 3.368 0.607 1.886 2.908 3.713 1.312 4.034 2.746 3.158 3.68 2.131 3.367 1.767 3.233 0.374 2.528 0.423 4.474 2.678 3.325 4.907 2.073 1.594 0.824 2.925 4.969 0.987 1.995 4.999 2 0 0 0 0 0 0 0 0 0 0 0 0 0 0 0 0 0 0 0 0 0 
0 1.879 1.311 2.548 2.935 3.564 2.512 1.294 2.712 3.686 2.736 0.732005 2.66401 4.51502 4.35502 2.09401 1.01402 1.02002 1.96502 1.69801 1.79601 0.908011 2.18701 4.19801 3.078 4.096 4.272 0.0860014 1.36 2.354 1.985 2.585 4.689 2.095 4.306 0.618 1.305 2.613 3.572 3.85 3.179 3.906 0.178 1.651 4.008 4.092 4.532 3.195 3.136 2.364 4.339 3.25 1.665 0.852 3.936 3.973 2.989 3.996 3.999 2 0 0 0 0 0 0 0 0 0 0 0 0 0 0 0 0 0 0 0 0 0 0 
0 4.584 1.674 4.67 1.911 0.978 3.466 0.797 0.711001 4.292 2.584 2.396 1.847 1.932 1.146 0.863006 4.50601 3.17901 2.69701 1.09601 0.784003 1.796 0.568002 3.81 0.161002 2.169 1.848 3.762 2.968 2.775 1.837 4.6 2.048 1.861 1.86 4.824 1.595 4.425 1.536 4.766 4.942 1.849 0.646 0.88 1.188 0.061 4.922 2.225 1.273 1.728 2.414 0.733 1.88 2.947 1.977 4.991 4.997 1.999 2 0 0 0 0 0 0 0 0 0 0 0 0 0 0 0 0 0 0 0 0 0 0 0 
0 3.719 0.898 3.243 3.215 2.652 2.459 2.585 4.083 0.312 1.446 2.544 4.727 2.63 0.340001 3.502 2.337 0.521001 4.92 1.045 0.245001 1.153 3.013 1.042 2.232 4.327 1.105 3.295 4.981 4.436 0.046 0.269 3.009 0.729 1.554 4.629 0.189 4.629 3.602 0.965 4.831 2.362 1.015 1.386 4.119 1.638 0.913 0.028 3.061 0.558 2.795 1.906 3.958 4.982 0.992 1.997 0.999 2 0 0 0 0 0 0 0 0 0 0 0 0 0 0 0 0 0 0 0 0 0 0 0 0 
0 4.545 2.493 1.374 1.04 3.566 4.418 4.51 1.584 3.198 0.0220001 4.122 4.934 1.795 1.228 0.304 3.612 0.631 1.831 4.314 3.623 4.596 4.015 0.278 1.028 4.662 3.723 3.22 3.428 0.066 1.759 3.141 1.566 0.277 0.657 1.146 2.434 0.307 3.435 1.309 2.644 3.01 3.61 3.002 3.426 3.214 1.626 0.331 2.679 2.848 1.929 4.968 3.986 1.994 3.998 5 1 0 0 0 0 0 0 0 0 0 0 0 0 0 0 0 0 0 0 0 0 0 0 0 0 0 
0 4.71 3.042 1.689 3.572 4.719 0.688 3.674 4.592 4.87 3.019 2.557 1.755 3.896 0.019 2.212 4.928 4.182 1.637 0.341 1.402 2.647 0.838 1.816 0.431 0.628 0.145 2.531 3.521 2.762 4.661 2.979 1.7 4.638 2.806 3.078 4.554 4.002 1.504 1.972 4.529 2.911 2.106 3.423 4.171 4.078 0.541 2.775 0.891 0.948 2.976 0.989 4.996 4.999 3 0 0 0 0 0 0 0 0 0 0 0 0 0 0 0 0 0 0 0 0 0 0 0 0 0 0 0 
0 4.943 4.198 2.379 2.396 4.243 4.443 3.562 3.927 2.121 4.789 2.167 1.335 1.313 0.838 0.793 3.573 2.41 0.267 3.363 4.603 2.789 2.294 2.014 3.34 3.966 3.792 1.31 0.961 3.753 2.756 4.526 0.359 2.671 0.539 2.55 4.237 1.657 3.838 0.965 3.301 3.844 2.791 4.844 4.404 2.697 1.848 1.925 3.964 2.983 0.992 3.997 1.999 2 0 0 0 0 0 0 0 0 0 0 0 0 0 0 0 0 0 0 0 0 0 0 0 0 0 0 0 0 
0 1.989 2.838 1.844 4.45 1.743 4.05 3.153 4.682 0.886 4.953 0.967 0.359 3.608 0.538 3.473 0.936 0.066 3.878 3.819 4.969 0.916 3.469 4.781 0.771 0.171 4.712 4.638 3.886 3.043 3.838 0.524 2.21 4.998 3.721 0.062 2.865 4.508 1.271 4.649 2.591 3.688 0.296 4.629 1.807 0.901 0.95 4.976 4.989 2.995 2.998 5 1 0 0 0 0 0 0 0 0 0 0 0 0 0 0 0 0 0 0 0 0 0 0 0 0 0 0 0 0 0 
0 0.998 3.968 2.763 0.843 4.719 3.157 2.469 2.445 4.495 2.139 2.3 4.248 0.929 1.895 4.916 0.244 4.957 0.668 2.392 1.548 1.541 1.017 3.94 2.888 2.326 4.895 2.971 3.818 3.605 2.511 2.022 0.456 0.697 3.088 3.433 0.061 1.915 1.638 1.658 0.25 1.588 0.777 3.882 0.938 0.968 1.984 4.993 2.997 2.999 3 0 0 0 0 0 0 0 0 0 0 0 0 0 0 0 0 0 0 0 0 0 0 0 0 0 0 0 0 0 0 0 
