0 0 0 0 0 0 0 0 0 0 0 0 0 0 0 0 0 0 0 0 0 0 0 0 0 0 0 0 0 0 0 0 0 0 0 0 0 0 0 0 0 0 
0 2.28198 2.39323 3.24292 0.747156 0.825757 1.54707 0.297849 1.98601 1.32914 0.902207 2.80709 1.69928 0.100014 3.9 1.10001 3.50001 0.800001 2.4 3.1 1.9 1.6 2.9 3.1 3.2 3.6 0.6 1.6 1.9 3.2 0.5 1.7 0.2 0.3 3 0 0 0 0 0 0 0 
0 2.39323 2.70018 2.36908 2.46714 0.338661 2.82105 1.69373 3.37093 3.30001 2.71406 2.30779 3.30027 1.00148 1.10007 1.00003 0.500004 1.00001 1.5 2.4 2.1 1.7 0.4 2 1.2 0.1 1.9 1.9 0.3 2.5 2.5 1.7 2.9 0.6 2.6 2.1 1 0 0 0 0 0 
0 3.24292 2.36908 2.27587 3.76703 1.29506 2.49999 2.2409 3.75399 0.0399256 0.0576968 0.844187 1.30861 3.00292 2.30087 0.599994 3.30001 0.300006 0.5 2.3 3.7 0.7 2.9 3.6 3.7 1.1 0.7 0.6 3.3 1.6 3.6 1.9 2.2 3.4 3 3.7 3.1 1 0 0 0 0 
0 0.747156 2.46714 3.76703 1.7376 1.02281 2.17919 1.47813 0.33089 0.415511 3.17104 2.2873 0.398577 0.700063 2.29986 1 0.800027 0.700004 2.3 0.3 3.7 1.4228e-07 0.4 2.1 3.3 3.5 2.2 1.6 1.4 2.4 3.9 1.1 3.8 0.4 3.5 0.6 3.6 2.1 1 0 0 0 
0 0.825757 0.338661 1.29506 1.02281 0.00637771 3.85041 1.01472 1.35661 0.786298 2.46268 0.242923 2.20299 2.70029 3.09986 1.89991 1.89999 3.50001 1.5 1.2 1.2 3.5 3 3.2 0.8 2.8 2.8 0.7 0.5 0.9 0.9 0.8 3.7 0.5 0.8 0.5 0.8 3.4 0.1 1 0 0 
0 1.54707 2.82105 2.49999 2.17919 3.85041 1.40457 1.9815 3.24135 2.33826 2.41705 3.30033 3.2078 1.70084 1.50001 0.899928 2.29998 2.09999 0.500015 2 2.4 2.2 1.4 2.2 1.2 0.6 2.7 1.5 2.5 2 2.1 1.2 0.2 1.9 1.5 3 3.7 2 3.2 2 0 0 
0 0.297849 1.69373 2.2409 1.47813 1.01472 1.9815 0.0737544 2.3712 0.77185 1.31296 3.81577 1.4997 0.400085 3.80072 1.89998 3.10004 2.80001 0.200014 2.5 2.6 3.1 1.4 1.5 1.6 3.3 3.4 1.6 2 3 0.3 2.1 0.2 2.1 2.2 2.3 2.6 1.9 1.5 1.1 1 0 
0 1.98601 3.37093 3.75399 0.33089 1.35661 3.24135 2.3712 2.25144 2.82892 0.288688 2.00573 1.70088 1.79928 1.89984 2.80015 1.6001 1.8 2.3 0.6 0.900002 1.4 0.0999999 3 3.6 3.8 3.3 0.6 2.4 1 3.4 1 0.8 1.2 0.8 0.6 0.3 1.1 0.9 2.2 2 0 
0 1.32914 3.30001 0.0399256 0.415511 0.786298 2.33826 0.77185 2.82892 0.714355 1.79991 2.00013 3.20149 0.20009 2.99987 0.499933 2.70001 3.70002 1.4 0.500002 3.6 3.5 0.5 0.7 1.8 0.5 0.4 3.1 1.7 2.3 1.7 2.2 1 1 1 3.2 1.2 1.4 2.3 3.3 3 0 
0 0.902207 2.71406 0.0576968 3.17104 2.46268 2.41705 1.31296 0.288688 1.79991 0.500725 3.50082 1.90141 1.10009 3.1003 0.300031 2.30002 2.70001 2.00001 2.1 0.8 2.2 3.4 3.6 2.1 2.1 0.9 2.3 0.1 0.1 1.6 1.8 0.6 0.5 2.1 2.4 1.8 3.6 2.7 0.5 1.1 1 
0 2.80709 2.30779 0.844187 2.2873 0.242923 3.30033 3.81577 2.00573 2.00013 3.50082 2.00141 1.9007 1.99999 1.80013 2.50003 3.20004 0.8 0.100002 1.1 3.5 2.2 2.7 1 1.4 2.8 0.4 3.1 2.3 1.2 1.6 3.5 3.4 1.8 3.6 2.5 3.5 3.6 1.1 2.6 3.1 1 
0 1.69928 3.30027 1.30861 0.398577 2.20299 3.2078 1.4997 1.70088 3.20149 1.90141 1.9007 1.99994 1.70007 1.50009 3.50001 2.69999 3.10001 2.7 0.3 3 2.2 1.1 3.7 2.7 0.6 0.3 2.7 1.5 3.3 1.9 2.3 2.2 2.1 0.5 1.6 3 1.3 0.4 2.7 0.2 2 
0 0.100014 1.00148 3.00292 0.700063 2.70029 1.70084 0.400085 1.79928 0.20009 1.10009 1.99999 1.70007 0.900044 1.50002 1.7 0.900001 0.100001 3.4 3.8 1.1 3.2 0.8 0.6 0.3 3.1 3.3 1 0.6 1.5 1.37845e-11 0.2 1.8 3.2 3 0.5 3.1 1.5 1.5 0.8 2.2 2 
0 3.9 1.10007 2.30087 2.29986 3.09986 1.50001 3.80072 1.89984 2.99987 3.1003 1.80013 1.50009 1.50002 3.5 0.9 0.600001 1.7 1 2.7 1.8 3.8 1.8 1.7 1.4 1.7485e-09 1.1 1 1.30782e-10 2.1 3.6 2.4 0.3 1.4 0.8 0.8 0 0.3 0.5 1.8 2.2 2 
0 1.10001 1.00003 0.599994 1 1.89991 0.899928 1.89998 2.80015 0.499933 0.300031 2.50003 3.50001 1.7 0.9 1.9 1.8 2.7 2.8 1.9 1.7 3.7 1.7 0.5 1.3 2.5 3.7 2.1 1.3 3.1 0.3 2.4 0.9 1 1.3 3.5 1.8 3.6 1.3 3.7 1.2 2 
0 3.50001 0.500004 3.30001 0.800027 1.89999 2.29998 3.10004 1.6001 2.70001 2.30002 3.20004 2.69999 0.900001 0.600001 1.8 2.1 0.900001 2.5 0.8 2.7 2.6 3.8 1.6 0.3 2.3 2.5 0.2 1.6 1.3 2.9 2.8 2.1 2.7 1.2 1 0.1 0.8 3 3.6 0.2 2 
0 0.800001 1.00001 0.300006 0.700004 3.50001 2.09999 2.80001 1.8 3.70002 2.70001 0.8 3.10001 0.100001 1.7 2.7 0.900001 2 1.4 3.4 2.3 0.8 3.8 3.9 1.5 2 2.8 3.5 0.6 0.9 0.8 3.2 2.5 1.9 0.6 3.2 2.1 1.8 1.7 3.5 3.1 1 
0 2.4 1.5 0.5 2.3 1.5 0.500015 0.200014 2.3 1.4 2.00001 0.100002 2.7 3.4 1 2.8 2.5 1.4 3.6 2.4 1.7 2.6 3.8 0.7 3.3 0.7 0.5 0.7 2.6 1.8 3.4 0.3 1 2.7 3.5 0.1 0.3 2.8 0.4 3.4 1.1 1 
0 3.1 2.4 2.3 0.3 1.2 2 2.5 0.6 0.500002 2.1 1.1 0.3 3.8 2.7 1.9 0.8 3.4 2.4 2.5 3.1 3.8 3.8 1.5 1.6 2.4 1.8 0.5 3.8 1.8 3.8 2.4 3.1 1.4 2.2 3 2.7 1.9 0.1 3.3 0.1 1 
0 1.9 2.1 3.7 3.7 1.2 2.4 2.6 0.900002 3.6 0.8 3.5 3 1.1 1.8 1.7 2.7 2.3 1.7 3.1 0.2 3 0.2 1.5 3.4 1.8 1.1 2.6 3.6 1 3.1 0.3 2 3 1.9 1.3 1.6 3.1 0.8 3.2 3 0 
0 1.6 1.7 0.7 1.4228e-07 3.5 2.2 3.1 1.4 3.5 2.2 2.2 2.2 3.2 3.8 3.7 2.6 0.8 2.6 3.8 3 1.2 5.97424e-10 3.2 1 0.9 2.8 0.5 2.8 1.8 3.9 4.1922e-13 2.5 2.3 0.4 0.9 2.9 1.5 3.5 3.1 1 0 
0 2.9 0.4 2.9 0.4 3 1.4 1.4 0.0999999 0.5 3.4 2.7 1.1 0.8 1.8 1.7 3.8 3.8 3.8 3.8 0.2 5.97424e-10 2.9 3.2 2.7 2.4 2.3 0.7 3.4 2.3 2.8 2.4 3.4 3.3 3 1.6 3.6 2 3.3 0.1 1 0 
0 3.1 2 3.6 2.1 3.2 2.2 1.5 3 0.7 3.6 1 3.7 0.6 1.7 0.5 1.6 3.9 0.7 1.5 1.5 3.2 3.2 3.7 2.6 3.5 1.7 3.7 3.2 1.5 8.52651e-14 1.5 2.8 1.1 3.2 0.3 2.7 3.6 1.2 3 0 0 
0 3.2 1.2 3.7 3.3 0.8 1.2 1.6 3.6 1.8 2.1 1.4 2.7 0.3 1.4 1.3 0.3 1.5 3.3 1.6 3.4 1 2.7 2.6 2.8 3.5 3.4 3 0.9 3.8 2.3 1.3 0.6 3.7 3.3 0.7 1.1 1.4 2.1 1 0 0 
0 3.6 0.1 1.1 3.5 2.8 0.6 3.3 3.8 0.5 2.1 2.8 0.6 3.1 1.7485e-09 2.5 2.3 2 0.7 2.4 1.8 0.9 2.4 3.5 3.5 0.2 0.1 0.8 1.2 1 3.1 1.4 1.7 0.8 2.8 2.6 3.6 2.2 3 0 0 0 
0 0.6 1.9 0.7 2.2 2.8 2.7 3.4 3.3 0.4 0.9 0.4 0.3 3.3 1.1 3.7 2.5 2.8 0.5 1.8 1.1 2.8 2.3 1.7 3.4 0.1 0.7 1 3.1 2.2 1.1 3.4 0.3 2.1 3.2 2.9 3.3 1.1 1 0 0 0 
0 1.6 1.9 0.6 1.6 0.7 1.5 1.6 0.6 3.1 2.3 3.1 2.7 1 1 2.1 0.2 3.5 0.7 0.5 2.6 0.5 0.7 3.7 3 0.8 1 1.8 2.6 2.1 2.2 3.4 1.3 0.9 0.3 2.5 0.2 3 0 0 0 0 
0 1.9 0.3 3.3 1.4 0.5 2.5 2 2.4 1.7 0.1 2.3 1.5 0.6 1.30782e-10 1.3 1.6 0.6 2.6 3.8 3.6 2.8 3.4 3.2 0.9 1.2 3.1 2.6 0.3 2.3 0 3.2 2.4 0.6 1.7 0.3 1.1 1 0 0 0 0 
0 3.2 2.5 1.6 2.4 0.9 2 3 1 2.3 0.1 1.2 3.3 1.5 2.1 3.1 1.3 0.9 1.8 1.8 1 1.8 2.3 1.5 3.8 1 2.2 2.1 2.3 1.5 0.8 1.8 1.8 2.8 3.3 2.1 2 0 0 0 0 0 
0 0.5 2.5 3.6 3.9 0.9 2.1 0.3 3.4 1.7 1.6 1.6 1.9 1.37845e-11 3.6 0.3 2.9 0.8 3.4 3.8 3.1 3.9 2.8 8.52651e-14 2.3 3.1 1.1 2.2 0 0.8 7.10543e-15 0 2.9 1.4 3.1 2 0 0 0 0 0 0 
0 1.7 1.7 1.9 1.1 0.8 1.2 2.1 1 2.2 1.8 3.5 2.3 0.2 2.4 2.4 2.8 3.2 0.3 2.4 0.3 4.1922e-13 2.4 1.5 1.3 1.4 3.4 3.4 3.2 1.8 0 1 3.4 0.2 3 0 0 0 0 0 0 0 
0 0.2 2.9 2.2 3.8 3.7 0.2 0.2 0.8 1 0.6 3.4 2.2 1.8 0.3 0.9 2.1 2.5 1 3.1 2 2.5 3.4 2.8 0.6 1.7 0.3 1.3 2.4 1.8 2.9 3.4 0.2 0.1 1 0 0 0 0 0 0 0 
0 0.3 0.6 3.4 0.4 0.5 1.9 2.1 1.2 1 0.5 1.8 2.1 3.2 1.4 1 2.7 1.9 2.7 1.4 3 2.3 3.3 1.1 3.7 0.8 2.1 0.9 0.6 2.8 1.4 0.2 0.1 2 0 0 0 0 0 0 0 0 
0 3 2.6 3 3.5 0.8 1.5 2.2 0.8 1 2.1 3.6 0.5 3 0.8 1.3 1.2 0.6 3.5 2.2 1.9 0.4 3 3.2 3.3 2.8 3.2 0.3 1.7 3.3 3.1 3 1 0 0 0 0 0 0 0 0 0 
0 0 2.1 3.7 0.6 0.5 3 2.3 0.6 3.2 2.4 2.5 1.6 0.5 0.8 3.5 1 3.2 0.1 3 1.3 0.9 1.6 0.3 0.7 2.6 2.9 2.5 0.3 2.1 2 0 0 0 0 0 0 0 0 0 0 0 
0 0 1 3.1 3.6 0.8 3.7 2.6 0.3 1.2 1.8 3.5 3 3.1 0 1.8 0.1 2.1 0.3 2.7 1.6 2.9 3.6 2.7 1.1 3.6 3.3 0.2 1.1 2 0 0 0 0 0 0 0 0 0 0 0 0 
0 0 0 1 2.1 3.4 2 1.9 1.1 1.4 3.6 3.6 1.3 1.5 0.3 3.6 0.8 1.8 2.8 1.9 3.1 1.5 2 3.6 1.4 2.2 1.1 3 1 0 0 0 0 0 0 0 0 0 0 0 0 0 
0 0 0 0 1 0.1 3.2 1.5 0.9 2.3 2.7 1.1 0.4 1.5 0.5 1.3 3 1.7 0.4 0.1 0.8 3.5 3.3 1.2 2.1 3 1 0 0 0 0 0 0 0 0 0 0 0 0 0 0 0 
0 0 0 0 0 1 2 1.1 2.2 3.3 0.5 2.6 2.7 0.8 1.8 3.7 3.6 3.5 3.4 3.3 3.2 3.1 0.1 3 1 0 0 0 0 0 0 0 0 0 0 0 0 0 0 0 0 0 
0 0 0 0 0 0 0 1 2 3 1.1 3.1 0.2 2.2 2.2 1.2 0.2 3.1 1.1 0.1 3 1 1 0 0 0 0 0 0 0 0 0 0 0 0 0 0 0 0 0 0 0 
0 0 0 0 0 0 0 0 0 0 1 1 2 2 2 2 2 1 1 1 0 0 0 0 0 0 0 0 0 0 0 0 0 0 0 0 0 0 0 0 0 0 
