0 0 0 0 0 0 0 0 0 0 0 0 0 0 0 0 0 0 0 0 0 0 0 0 0 0 0 0 0 0 0 0 0 0 0 0 0 0 0 0 0 0 0 0 0 0 0 0 0 0 0 0 0 0 0 0 0 0 0 0 0 0 0 0 0 0 0 0 0 0 0 0 0 0 0 0 0 0 0 0 0 0 0 0 0 0 0 0 0 0 0 0 0 0 0 0 0 0 0 0 0 0 0 0 
0 3.69449 1.61702 4.26136 1.89045 3.49194 3.79167 4.07619 3.56192 4.17767 4.19185 0.470944 3.38369 1.23975 1.14496 3.48346 0.91692 1.01388 3.16479 1.53115 2.3298 1.63818 3.12388 4.86883 2.14879 1.87638 2.2032 3.75582 3.2406 0.0502712 1.98591 3.32715 2.76468 3.5747 1.025 1.61749 1.07861 2.44128 0.619839 1.71935 2.14084 0.712046 1.0067 3.82622 2.25147 2.97018 4.13149 2.02529 2.78619 4.75845 3.62084 0.737083 2.8183 4.16853 1.3548 0.00530812 0.229124 1.2174 4.80879 0.0181366 4.21726 3.59575 1.16566 1.0511 0.390225 3.88382 2.36804 2.7571 1.80927 4.18184 3.54741 0.921473 0.170874 1.95998 1.03003 3.40001 2.63 0.97 1.14 4.04 1.68 1.27 3.07 3.66 0.46 1.36 2.49 4.71 3.75 4.96 4 0 0 0 0 0 0 0 0 0 0 0 0 0 
0 1.61702 2.21885 0.117163 1.07617 1.69928 2.71852 3.51746 4.10839 4.03864 2.28758 2.40356 1.85582 0.227842 1.55682 1.40298 2.86469 0.642439 4.92842 2.75815 3.89094 4.00204 0.44117 2.82406 0.0321178 0.248366 3.38789 2.47803 0.536995 0.471888 1.5032 0.85789 4.71001 3.91447 4.034 1.78736 1.5073 0.97908 3.45634 0.989228 4.61821 1.07985 3.23726 4.35437 0.456781 4.74173 5.00369 1.76091 3.0599 4.40488 0.796596 2.4168 3.6243 0.756389 3.89547 3.09899 4.02984 2.96646 0.0950921 3.27403 3.58216 3.77739 3.97124 2.22366 2.06247 3.54742 0.688904 2.93892 0.0854756 4.04733 4.81866 1.06546 2.86011 3.99078 1.06051 0.750104 3.48004 1.56001 1.45 4.33 0.32 1.12 4.42 2.97 4.98 2.18 1.16 0.42 3.45 3.09 0.82 2.97 3 0 0 0 0 0 0 0 0 0 0 0 
0 4.26136 0.117163 3.29337 1.20582 1.81738 2.54567 4.36544 1.71012 3.99729 2.92716 2.19011 4.78169 3.13744 2.44429 0.0510379 1.80104 1.58644 3.98769 0.388539 2.14045 2.68932 1.48825 3.43972 2.55016 4.84078 0.735161 0.846438 4.43729 4.49601 0.45063 0.0417512 2.14872 4.13745 2.71152 4.91626 4.55099 3.59026 0.506241 2.82404 3.29638 0.0080699 2.49364 3.82701 4.24763 3.25242 0.603576 3.02931 1.68166 0.417257 2.8455 2.28435 3.91673 4.55291 4.41537 0.889667 1.18407 4.4943 3.28849 3.41479 4.50717 1.44409 2.82274 1.00859 0.293184 1.12754 3.00646 1.77525 3.80802 4.26982 1.6028 0.375295 2.33379 4.54695 0.615831 4.17043 4.08 4.16005 3.44 5 2.66 0.0700001 0.37 1.66 0.25 3.6 2.9 4.67 2.51 1.74 2.32 0.66 3.94 0.99 1 0 0 0 0 0 0 0 0 0 
0 1.89045 1.07617 1.20582 2.83215 1.58463 2.87726 3.01287 3.82832 1.94889 0.84868 3.11724 3.04233 0.554915 1.80231 2.27975 4.84288 2.91778 0.458195 4.18195 0.384761 2.14204 0.702476 3.32693 0.354536 2.76565 2.14672 0.739347 2.54625 2.52289 2.32272 2.58841 4.25825 1.83524 0.904555 1.73499 0.149102 2.90922 1.32546 4.19844 0.411304 3.28721 3.91667 4.67222 1.08095 3.03456 1.02683 1.72076 2.18086 4.09438 2.35675 1.57807 3.88474 1.4383 2.81019 1.27252 2.7071 1.12787 0.523162 3.75479 4.66494 1.11227 3.76196 2.32905 2.18827 4.44772 2.93663 4.79458 1.11781 3.62755 3.7916 3.10337 3.62348 1.14407 2.64333 2.71757 4.10048 1.03998 3.64007 0.150008 0.800002 0.9 4.22 4.48 1.54 1.26 3.21 2.53 3.5 0.95 2.68 3.88 2.57 3.92 2.99 1 0 0 0 0 0 0 0 0 
0 3.49194 1.69928 1.81738 1.58463 2.06166 3.49188 2.92464 3.18537 1.64219 2.69957 1.10768 1.14049 4.23529 0.865907 3.88944 1.40458 4.51853 4.19318 3.08454 2.92305 3.80629 3.49123 0.137021 3.26266 4.26198 1.4046 3.00544 0.283827 1.86931 4.05473 4.70027 3.54184 4.37998 4.94071 3.70995 0.521526 4.35964 3.47921 0.968777 0.84158 1.01344 1.09746 4.26 1.88957 2.8385 1.60332 2.7214 1.69122 1.76037 1.62446 4.7081 1.78362 1.07738 1.82382 0.0615838 0.0407622 0.463179 2.30686 2.29323 2.3647 1.39399 3.43517 3.37845 4.77227 0.305551 0.0214501 4.19537 0.737853 0.00705831 4.87679 0.096323 4.06725 3.56031 3.05654 1.41054 3.64506 0.870694 2.33013 2.47003 0.940009 0.510003 2.6 1.08 3.35 0.77 0.7 2.4 3.79 1.21 3.08 4.02 3.93 4.58 2.92 2.99 1 0 0 0 0 0 0 0 
0 3.79167 2.71852 2.54567 2.87726 3.49188 0.956558 4.37939 1.35277 0.630636 3.16022 0.127295 3.77085 4.87287 3.1747 0.524861 4.75644 1.39394 1.40713 3.86911 2.29615 1.56027 2.46291 0.597797 0.613082 1.26628 3.2037 2.26239 1.71626 2.19377 4.30343 3.12853 2.11201 1.28038 0.25821 1.64822 2.67961 2.20579 4.31702 1.31352 4.03215 4.26224 0.459701 3.0935 0.721975 1.05947 0.791365 0.101642 4.52137 3.325 4.1034 2.92231 4.57917 3.27909 0.675433 3.53889 3.40555 1.73313 0.946339 4.50911 2.60817 3.95197 0.185268 2.76041 0.510291 3.44068 1.64298 0.69237 4.23161 0.339083 3.73234 3.13971 2.38885 0.441814 3.41918 1.52311 1.76231 3.17578 1.22067 1.39008 4.13004 0.600012 2.82 4.67 2.67 3.84 2.76 2.76 0.6 0.87 0.15 0.11 3.03 2.33 4.66 4.94 0.99 1 0 0 0 0 0 0 
0 4.07619 3.51746 4.36544 3.01287 2.92464 4.37939 4.02089 1.97306 3.81163 3.10343 0.672815 4.80365 2.6873 1.66934 2.3345 1.46825 4.75608 4.22443 3.07999 4.44382 0.293536 4.4125 1.2246 3.54067 1.1769 3.4449 4.74427 0.745462 4.73806 3.17153 1.98134 3.95542 3.32171 3.93448 1.28881 2.75275 4.74692 2.59231 1.39525 4.37519 0.733678 3.92471 1.77407 3.83283 0.630392 1.48822 0.880606 2.94177 0.358193 2.83309 4.29295 2.86976 4.67123 4.03449 3.18737 1.94714 1.8632 2.83426 2.56044 0.0460762 3.57753 3.00348 1.96135 2.56304 2.25814 0.743037 0.41886 2.86171 0.536447 1.04511 0.0543837 1.8091 5.00386 2.97032 4.59003 3.7482 1.59612 4.01291 2.92028 2.96006 1.97003 4.67 1.31 1.62 2.99 0.44 1.13 4.38 2.19 2.61 1.99 2.26 0.53 4.85 0.76 4.96 4 0 0 0 0 0 0 
0 3.56192 4.10839 1.71012 3.82832 3.18537 1.35277 1.97306 0.90939 4.82606 1.252 1.13453 4.77903 4.52886 2.00464 2.46542 1.72338 0.681453 3.85512 4.21427 0.455551 0.245593 0.542688 3.14215 0.264872 3.88623 4.02575 0.872105 3.32418 3.92841 1.60461 2.96326 4.61259 2.43148 3.14776 2.44905 3.69323 0.71834 3.78392 4.87662 4.63648 2.47688 2.92617 1.71888 4.17261 0.624006 4.00157 0.0777689 1.11525 2.05958 2.06629 2.48437 0.138429 4.408 4.62619 4.7282 2.78642 3.55333 3.89683 4.69362 1.31238 0.888029 2.35611 2.06888 1.14453 3.00654 3.12126 4.9651 2.85348 2.72037 2.24741 2.99682 0.951795 3.21331 1.76008 4.65924 0.295142 2.01271 3.59298 3.02049 3.02017 2.62003 2.41001 2.71 4.78 3.3 4.12 0.88 0.73 1.24 4.09 2.29 3.06 0.55 1.69 4.3 3.86 3.98 2 0 0 0 0 0 
0 4.17767 4.03864 3.99729 1.94889 1.64219 0.630636 3.81163 4.82606 0.839468 4.12832 3.88576 2.17002 4.51893 1.3083 4.82582 2.66146 1.73013 0.175113 0.907893 0.874385 2.30436 1.77503 1.24934 0.618102 3.36564 4.41095 2.96331 1.23568 3.8255 0.172274 4.36097 4.84611 1.70551 4.53896 1.75677 2.06064 1.66711 2.28492 4.49952 2.19445 2.29756 4.80747 4.0061 2.56796 2.01544 0.0922629 2.57451 0.225786 3.38142 0.396553 1.18929 2.54853 4.68054 4.66159 3.34221 1.89505 3.73749 3.90319 4.66338 1.30567 3.23805 3.39181 0.616237 4.86679 2.68462 3.51967 3.98394 3.09584 2.43255 1.6808 1.88591 3.83672 2.06769 0.762132 0.71649 0.219968 3.25636 4.12043 0.731492 1.12031 3.32014 3.95002 4.60001 0.0400008 0.91 0.16 2.27 0.59 2.39 1.43 4.59 2.29 2.45 2.65 3.2 3.62 4.93 1.99 1 0 0 0 0 
0 4.19185 2.28758 2.92716 0.84868 2.69957 3.16022 3.10343 1.252 4.12832 2.4784 0.590202 2.7208 1.72467 2.64691 2.11926 0.996612 0.427725 2.37807 2.62618 2.11656 1.66296 3.19152 2.5984 1.97435 2.76644 1.84087 4.44084 2.78895 0.49187 4.68394 0.0235609 2.46716 2.83888 3.52655 1.84696 0.517673 4.15233 0.719727 1.88606 0.0552055 4.59298 4.50296 0.374808 1.91911 3.86038 4.19262 2.1822 3.9466 4.23253 0.392034 2.5465 0.0818251 4.11983 2.60335 0.809146 2.83519 2.6963 0.531099 0.046385 1.31712 0.579583 3.20327 2.18196 3.96591 3.85303 0.426512 3.26773 1.29613 4.74145 3.08146 2.98534 3.51223 3.64047 4.97388 3.79769 3.47449 0.565408 1.98215 0.122821 2.10083 0.450156 3.69003 2.33001 0.450001 0.48 0.3 2.01 0.42 1.64 3.79 0.07 4.87 1.64 2.1 0.87 0.1 1.81 4.97 3 0 0 0 0 
0 0.470944 2.40356 2.19011 3.11724 1.10768 0.127295 0.672815 1.13453 3.88576 0.590202 0.343845 3.1005 4.0503 1.59471 0.616939 2.70346 2.09402 3.30593 3.55872 4.6682 2.75938 1.44019 0.365413 4.61409 1.24691 4.84953 0.821269 3.05811 4.65076 3.73765 2.95479 2.90842 3.98707 0.0235403 0.194091 0.428843 4.91962 2.56704 3.57104 2.48339 0.0883213 4.86917 3.6665 1.10852 3.17707 2.04341 2.0344 1.69413 1.15252 4.40449 1.03154 3.22167 2.19145 4.12096 1.61282 1.73986 1.5471 0.613489 1.00426 3.53714 3.0566 3.76508 4.30553 4.06934 0.662219 1.6419 0.847383 2.38048 4.60775 4.48129 1.94261 1.04341 2.86775 0.717862 4.93437 2.23528 3.9895 1.3617 2.15872 4.58114 1.31006 3.84006 1.31003 4.42 1.54 0.44 3.64 0.19 2.45 3.6 1.31 2.43 2.17 4.14 0.42 1.11 2.59 3.92 2.99 1 0 0 0 
0 3.38369 1.85582 4.78169 3.04233 1.14049 3.77085 4.80365 4.77903 2.17002 2.7208 3.1005 0.256141 4.26985 3.43008 4.83199 4.48304 4.29265 0.890983 4.62777 2.8454 4.18253 2.69129 3.77319 0.407451 0.845315 2.81813 1.43033 4.10131 3.49511 1.26418 1.04248 4.241 0.734887 3.3355 2.82046 1.2345 2.66984 4.98901 1.98142 3.86102 3.04458 1.59432 2.21363 4.50584 4.36569 3.98398 0.424703 1.58431 0.517697 1.80515 1.5559 3.33092 2.20277 3.69507 4.14297 3.16501 3.61962 2.7644 1.46214 0.568431 4.14523 1.79061 4.97909 0.187908 4.29823 0.947629 3.77333 0.181958 0.00377299 4.68141 4.22883 4.91175 2.9832 1.33701 1.23073 0.241033 0.355124 0.697127 1.36254 0.492008 3.66095 1.45009 3.46004 1.45001 1.66 1.12 3.4 4.56 4.51 3.32 3.68 3.37 2.37 0.65 1.65 0.36 4.2 2.83 2.97 3 0 0 0 
0 1.23975 0.227842 3.13744 0.554915 4.23529 4.87287 2.6873 4.52886 4.51893 1.72467 4.0503 4.26985 1.95204 0.778846 4.35307 4.14673 2.85314 0.191422 3.00593 4.30794 0.910257 1.81768 2.38659 3.83542 1.31168 3.30378 3.17553 1.74951 0.908278 1.82738 1.98605 3.95763 1.66989 1.30606 2.12495 2.85401 1.02878 4.73814 3.61736 2.26519 4.49939 1.83369 2.01707 3.57718 2.73845 1.69117 4.97309 2.07358 3.22891 1.71344 2.51084 2.31014 3.05786 4.70371 3.5882 1.29723 2.12578 4.967 3.90655 2.19554 1.42454 2.65939 0.945638 2.41871 0.371901 1.97422 1.17204 0.778361 4.53807 0.333857 2.80212 4.27296 4.49878 2.79954 1.04786 4.11405 0.632114 4.37413 4.48999 4.35297 2.50081 2.92015 4.41005 3.59001 0.41 4.31 4.74 1.99 2.8 3.03 1.65 3.45 4.51 0.89 2.17 0.52 1.55 1.68 4.94 0.99 1 0 0 
0 1.14496 1.55682 2.44429 1.80231 0.865907 3.1747 1.66934 2.00464 1.3083 2.64691 1.59471 3.43008 0.778846 3.33636 3.78803 1.16004 3.13478 2.59662 1.00628 3.97519 2.37783 0.785955 2.77968 2.23284 1.13129 3.07035 2.59185 4.26164 4.67324 4.79612 2.95246 1.03721 3.06188 0.947924 1.25307 0.836738 3.61492 1.17244 0.722109 3.57326 2.43006 2.12236 1.47092 1.94733 3.50127 2.57364 1.89769 1.74653 4.90514 1.31068 3.67436 0.220381 2.66768 4.24949 2.80835 3.15863 2.76416 1.96408 0.22213 0.180154 3.89175 4.43113 4.34016 2.44577 1.58738 0.741901 1.30972 0.865419 1.37567 1.0257 3.36701 2.75886 2.47795 0.475658 3.53998 0.180613 3.66245 3.77586 2.67927 0.415886 2.53057 3.98039 0.240082 0.0100112 3.43 3.51 4.04 2.82 2.76 2.38 0.08 3.76 1.49 3.5 0.63 4.26 1.57 4.46 4.89 1.98 2 0 0 
0 3.48346 1.40298 0.0510379 2.27975 3.88944 0.524861 2.3345 2.46542 4.82582 2.11926 0.616939 4.83199 4.35307 3.78803 2.58555 0.462643 3.86823 0.787895 4.30743 2.47667 0.779524 1.67586 0.470135 4.34092 4.90193 1.66389 2.53636 3.89282 3.10753 3.06736 2.29041 3.22317 3.18415 0.858513 3.28083 3.65245 1.77966 2.76847 2.33844 1.37824 3.44211 4.163 3.52386 0.356241 3.08925 2.29635 4.24055 3.74049 1.63267 1.26501 2.15762 1.59976 1.18386 1.94789 0.7825 2.13681 4.79052 1.05027 4.47098 1.242 0.0454622 0.469067 1.09969 4.39055 3.50538 1.25765 2.26101 1.31491 3.8276 4.8856 4.56349 0.293474 3.92759 2.31564 1.95747 3.19404 0.544576 3.6924 4.48179 0.140695 1.61303 2.2403 4.4801 3.54002 3.90001 3.75 2.83 0.58 4.73 3.79 1.88 3.18 2.91 0.92 2.06 1.3 4.19 4.14 1.81 0.96 4 0 0 
0 0.91692 2.86469 1.80104 4.84288 1.40458 4.75644 1.46825 1.72338 2.66146 0.996612 2.70346 4.48304 4.14673 1.16004 0.462643 1.73176 2.47437 0.0281822 0.758069 3.63423 2.61148 3.61443 2.5118 3.7745 0.970937 0.649319 3.19227 2.69941 1.1057 0.941453 2.18928 4.32603 3.64934 3.47866 3.96451 4.67305 0.79302 1.47643 3.69766 3.02911 4.89586 2.25102 2.07697 2.76639 4.74855 0.756734 3.53352 0.151103 3.06253 3.20523 3.81923 1.91235 2.8801 0.696523 0.594503 3.44515 1.09218 0.15172 1.33401 4.60626 0.401343 3.91101 0.593214 2.64116 2.57953 0.0167724 3.06644 3.35955 1.13541 1.51397 3.28041 0.814441 1.70563 2.32782 2.95503 2.12926 4.82642 2.91874 0.695384 3.90793 1.66134 4.84075 3.01007 4.99002 1.19001 2.44 1.34 3.82 2.36 3.25 3.51 0.73 3.88 2.88 0.2 0.55 0.36 3.71 2.71 2.94 0.99 1 0 
0 1.01388 0.642439 1.58644 2.91778 4.51853 1.39394 4.75608 0.681453 1.73013 0.427725 2.09402 4.29265 2.85314 3.13478 3.86823 2.47437 1.35791 1.60156 2.98548 3.77643 2.78084 2.77742 1.88794 2.62391 2.63595 3.01529 3.91287 2.50403 0.416393 2.51763 2.53701 3.56875 4.19822 3.87913 4.69338 2.75782 2.20562 2.31807 2.57523 3.7313 1.60465 3.43869 0.973526 4.78255 4.72757 2.6147 3.95411 1.3396 3.53738 0.69931 2.06746 3.11829 1.60713 1.13796 1.13578 1.49266 1.84016 1.37659 3.72868 1.60845 4.70493 0.23594 2.80061 3.20165 2.40691 1.83633 1.15244 1.7192 2.912 3.45864 0.965634 1.60165 1.06603 3.16579 2.04586 4.07753 1.22074 0.0512281 2.58848 4.28983 1.07184 0.251151 2.32011 3.72001 2.55 2.05 2.6 3.44 1.15 0.94 3.13 4.26 3.95 0.41 3.82 4.15 1.12 0.17 1.58 2.91 4.99 1 0 
0 3.16479 4.92842 3.98769 0.458195 4.19318 1.40713 4.22443 3.85512 0.175113 2.37807 3.30593 0.890983 0.191422 2.59662 0.787895 0.0281822 1.60156 4.6591 0.27103 2.1739 2.25476 3.91744 3.43168 4.89481 2.29551 1.80998 4.79555 4.27522 4.43462 1.59643 2.46038 1.09025 3.0818 1.43793 4.47635 0.687703 4.11366 0.418142 0.770329 4.35815 2.02677 0.263841 1.56277 0.141373 4.89555 2.2145 0.623576 3.97812 0.611526 2.96508 3.87803 0.012548 2.27184 4.65901 0.950311 1.72612 2.46641 4.20524 1.10387 2.8251 3.81122 3.05846 3.07477 2.30759 2.29968 3.98244 4.47584 3.02818 4.32999 0.140586 3.42181 2.68334 1.32086 3.44485 0.58615 4.93234 2.12414 4.65903 1.4038 1.78865 1.53388 3.28102 4.4703 2.33005 2.22001 4.89 2.03 1.28 1.9 0.76 4.99 0.61 3.52 4.2 3.79 1.48 4.55 0.55 1.43 0.87 3.98 2 0 
0 1.53115 2.75815 0.388539 4.18195 3.08454 3.86911 3.07999 4.21427 0.907893 2.62618 3.55872 4.62777 3.00593 1.00628 4.30743 0.758069 2.98548 0.27103 3.13121 2.1803 4.137 0.808055 2.75775 1.5205 0.615777 0.0370005 4.48598 4.09234 4.74408 1.06843 2.89684 4.20776 2.18487 4.74592 1.25134 4.15045 2.45151 4.39939 3.75381 0.470844 2.57942 2.32218 0.553131 3.56321 4.51192 3.01871 1.52968 0.644593 0.773637 3.84279 2.82752 3.1204 2.91207 0.839425 2.59605 1.22388 3.29562 0.907447 4.26161 4.84736 2.88158 2.12955 2.49271 2.43305 3.42193 3.19102 2.95556 3.02517 3.32598 2.37006 4.04383 2.31194 0.148731 1.48209 0.152355 1.44758 1.66493 0.734788 4.236 2.45739 2.73585 2.65077 1.04033 2.33009 4.71 4.34 3 2.6 4.64 4.9 0.17 1.72 3.15 1.85 1 1.21 0.78 3.88 3.27 0.83 3.97 3 0 
0 2.3298 3.89094 2.14045 0.384761 2.92305 2.29615 4.44382 0.455551 0.874385 2.11656 4.6682 2.8454 4.30794 3.97519 2.47667 3.63423 3.77643 2.1739 2.1803 3.19793 0.409327 1.25548 0.0238496 4.43604 4.71207 2.01567 3.01481 3.34871 1.76963 0.62386 1.11167 2.14453 4.37127 3.62521 3.14417 0.92801 3.39747 4.00376 4.95404 0.740809 0.490074 2.54013 0.263689 1.42411 4.26859 2.37263 0.319296 4.05999 2.20903 1.50741 2.88512 1.06733 1.53 4.32565 1.29623 1.54433 1.88112 4.90793 1.53781 1.50328 4.22799 0.935247 3.58626 1.11759 3.42081 0.459949 2.82581 3.93514 0.240152 2.30057 2.94299 1.62487 4.76 1.63418 3.07522 4.02981 1.98728 0.433152 4.16495 4.42286 1.32628 4.79067 3.26013 0.720035 3.47001 2.12 0.450001 4.34 0.16 0.31 4.59 4.64 4.24 3.35 1.03 4.19 2.03 0.19 3.1 1.79 3.96 4 0 
0 1.63818 4.00204 2.68932 2.14204 3.80629 1.56027 0.293536 0.245593 2.30436 1.66296 2.75938 4.18253 0.910257 2.37783 0.779524 2.61148 2.78084 2.25476 4.137 0.409327 3.68232 1.53054 0.79874 0.36443 2.26427 1.1575 1.68924 2.83075 4.26189 2.5259 1.55378 4.85305 4.69478 2.34115 1.25921 3.41292 1.92086 4.61541 0.790138 1.93506 4.92725 0.771475 2.28527 0.140714 1.85848 1.42228 3.3148 0.484966 2.91186 3.8627 1.85246 2.87754 1.81428 2.75776 3.56795 0.925623 0.612123 1.2252 2.05712 2.07115 2.61142 0.551654 2.66223 3.03974 2.13984 1.37666 4.39362 0.429071 0.593255 0.98274 0.0703573 4.55518 2.68198 2.38793 3.88511 0.410981 1.01455 1.57874 4.1741 1.26242 4.46631 0.630411 4.83015 3.14007 2.23 1.02 4.09 1.89 3.32 1.11 1.11 0.85 4.64 4.83 1.61 3.32 1.51 0.55 3.94 1.75 3.95 5 0 
0 3.12388 0.44117 1.48825 0.702476 3.49123 2.46291 4.4125 0.542688 1.77503 3.19152 1.44019 2.69129 1.81768 0.785955 1.67586 3.61443 2.77742 3.91744 0.808055 1.25548 1.53054 3.9954 4.04767 4.88331 1.99726 1.66026 1.09481 3.09904 2.971 1.97625 1.15499 2.62526 0.0644622 1.21524 2.69031 0.338247 0.199284 2.33856 2.81572 3.81861 1.47345 2.06008 1.92374 0.0989702 1.3347 1.50099 1.09829 0.73366 2.70197 1.86158 4.64196 4.32916 4.85104 3.31868 2.17844 4.45196 4.36153 1.31439 3.56756 1.69554 1.93381 3.67896 3.27002 1.27206 3.78269 1.55999 3.16174 1.69636 1.60976 1.69908 4.14777 3.48905 1.57029 2.29732 2.4846 0.281649 4.16809 3.0024 2.37392 2.4355 1.27585 4.44056 3.24014 4.90003 1.59 0.330004 3.95 2.74 2.12 1.74 2 4.95 4.34 2.28 4.08 0.45 3.44 1.01 3.8 4.72 2.94 0.99 1 
0 4.86883 2.82406 3.43972 3.32693 0.137021 0.597797 1.2246 3.14215 1.24934 2.5984 0.365413 3.77319 2.38659 2.77968 0.470135 2.5118 1.88794 3.43168 2.75775 0.0238496 0.79874 4.04767 5.00732 4.78024 0.270228 3.59623 3.60853 2.39914 3.00783 4.78669 2.91516 1.69918 3.56817 1.72471 3.27041 0.783013 3.29096 1.48454 2.92649 2.70251 0.248451 3.09772 3.98907 0.771311 2.7555 0.0767015 1.40016 0.720902 4.10635 3.14311 1.95144 1.85505 3.96683 4.72594 1.90297 4.80102 1.83717 4.59713 3.02008 2.78611 4.18424 3.55506 3.09261 1.45584 2.90594 4.37009 1.10497 1.99925 1.1994 2.27148 2.604 2.13566 0.876746 3.63474 3.19616 2.97212 4.30409 4.76594 2.60059 2.33453 0.403882 2.77057 3.08033 4.51005 2.18001 2.68 0.440001 4.46 3.89 0.16 3.98 4.56 4.2 4.67 4.89 1.25 3.99 4.62 1.69 3.69 1.93 2.99 1 
0 2.14879 0.0321178 2.55016 0.354536 3.26266 0.613082 3.54067 0.264872 0.618102 1.97435 4.61409 0.407451 3.83542 2.23284 4.34092 3.7745 2.62391 4.89481 1.5205 4.43604 0.36443 4.88331 4.78024 3.41909 4.29943 4.7818 1.02744 1.80342 3.8536 3.32428 3.36425 3.0942 2.14665 0.434518 2.16625 0.998397 0.533622 4.45864 3.03447 0.373469 2.36673 4.09353 4.30248 4.991 3.32753 0.933957 3.48419 4.31725 1.18152 1.6859 3.87839 4.39486 3.98996 3.59766 1.67287 0.869008 3.22558 1.46209 2.38717 2.10237 1.10997 4.29438 2.92163 1.95315 3.957 1.33595 0.451597 2.95414 3.9785 1.68885 3.90024 4.77762 4.96491 2.47284 2.1733 0.863067 1.19478 4.22192 4.53823 4.14618 4.52168 2.04086 1.58028 4.16003 3.06 2.55 0.700001 1.41 3.31 2.02 0.95 0.75 1.18 2.76 4.28 0.09 4.27 0.39 0.62 3.67 4.93 2.99 1 
0 1.87638 0.248366 4.84078 2.76565 4.26198 1.26628 1.1769 3.88623 3.36564 2.76644 1.24691 0.845315 1.31168 1.13129 4.90193 0.970937 2.63595 2.29551 0.615777 4.71207 2.26427 1.99726 0.270228 4.29943 1.81244 1.91963 2.29361 3.19658 2.39236 4.38052 1.95072 1.24523 3.3846 4.96603 2.1807 4.39163 2.05807 1.93533 1.0261 0.520353 2.20947 1.33379 1.91115 1.79241 2.81766 1.40945 2.63394 3.93355 4.16632 1.32776 2.50458 4.237 1.78166 4.43469 4.99737 1.19158 1.69516 4.72163 3.09514 1.52439 4.93989 2.97776 1.59932 3.54539 1.67227 3.7602 1.75223 4.88778 0.938011 0.647913 0.840076 2.58333 3.08321 0.792318 1.0493 2.71523 0.960311 1.44431 2.3298 0.0364617 2.24003 0.880936 4.48014 0.680032 0.630016 0.080002 1.97 0.77 1.68 2.3 1.83 0.67 2.54 2.97 1.18 2.04 1.31 4.36 0.6 2.66 0.92 3.99 1 
0 2.2032 3.38789 0.735161 2.14672 1.4046 3.2037 3.4449 4.02575 4.41095 1.84087 4.84953 2.81813 3.30378 3.07035 1.66389 0.649319 3.01529 1.80998 0.0370005 2.01567 1.1575 1.66026 3.59623 4.7818 1.91963 4.74176 3.66788 3.46219 1.86805 3.7001 2.60239 4.45695 4.39288 1.74199 1.65551 2.87638 0.350086 1.6164 1.14984 0.578801 1.68235 3.26794 1.50461 0.750421 4.16428 4.51583 3.72421 0.861804 2.12527 1.74276 0.887279 0.784358 0.901331 2.41668 2.37037 3.48751 0.522322 0.683168 3.94344 3.64876 3.63998 2.85743 2.91817 3.84898 3.22908 1.89634 3.22948 2.36384 1.86727 1.55255 1.86655 2.62395 3.02124 2.97917 3.29796 2.51897 3.4719 0.619453 3.10982 2.16075 0.963335 0.34036 4.93008 2.35006 2.47001 4.69 0.110001 3.26 2.37 0.57 1.15 3.53 1.42 3.02 4.34 4.86 1.08 0.5 3.63 0.66 1.92 3.99 1 
0 3.75582 2.47803 0.846438 0.739347 3.00544 2.26239 4.74427 0.872105 2.96331 4.44084 0.821269 1.43033 3.17553 2.59185 2.53636 3.19227 3.91287 4.79555 4.48598 3.01481 1.68924 1.09481 3.60853 1.02744 2.29361 3.66788 2.90418 0.889907 4.99608 2.89941 4.041 1.96544 1.20633 1.97328 1.221 2.89341 0.358104 0.922964 3.87527 4.82064 1.06183 3.26707 2.65015 2.54069 4.14976 1.72805 0.592314 1.54224 0.280248 3.00717 4.85011 1.62969 4.64582 0.778545 1.73369 1.88393 0.0827083 2.85027 2.7384 3.76725 1.04651 0.797883 2.4681 0.25341 0.620834 2.27918 0.438113 2.24639 1.57215 4.08867 0.123643 2.39796 1.59939 3.15012 4.7267 0.973027 4.99406 1.29162 2.2603 0.259507 3.29097 2.67047 0.480098 4.66002 3.46001 2.13 2.89 0.77 4.41 0.2 1.83 0.7 4.82 1.27 0.56 2.05 1.47 2.81 4.7 3.68 4.93 2.99 1 
0 3.2406 0.536995 4.43729 2.54625 0.283827 1.71626 0.745462 3.32418 1.23568 2.78895 3.05811 4.10131 1.74951 4.26164 3.89282 2.69941 2.50403 4.27522 4.09234 3.34871 2.83075 3.09904 2.39914 1.80342 3.19658 3.46219 0.889907 4.12784 0.0935795 0.570348 4.37639 4.99265 3.01036 4.04612 3.17495 2.04395 3.49262 1.57366 0.143283 1.70225 1.83814 2.4106 0.574819 0.619948 4.95582 4.21265 0.501284 4.63453 2.18034 4.62255 3.1981 2.00658 0.205454 3.24111 1.86396 2.00959 3.99924 3.8714 4.90897 2.97825 2.00607 3.85072 3.7597 3.62298 0.0579116 0.177685 2.94535 4.22818 4.15343 4.54828 3.86148 4.97531 3.60053 4.86048 4.12213 3.50245 0.489365 2.8831 4.68844 0.585008 5.00086 4.27061 4.82007 0.959999 0.98001 4.45 1.25 3.16 4.29 0.42 1.09 2.91 2.36 3.35 4.16 0.99 0.33 1.24 4.8 1.7 1.93 2.99 1 
0 0.0502712 0.471888 4.49601 2.52289 1.86931 2.19377 4.73806 3.92841 3.8255 0.49187 4.65076 3.49511 0.908278 4.67324 3.10753 1.1057 0.416393 4.43462 4.74408 1.76963 4.26189 2.971 3.00783 3.8536 2.39236 1.86805 4.99608 0.0935795 4.77307 4.86546 4.32419 3.44784 2.66177 1.22821 4.04413 1.07415 3.17539 4.76864 2.26166 3.5524 2.76468 3.5083 2.7837 3.4902 3.30519 3.93568 2.82829 1.68331 0.618025 0.489571 3.01128 2.66879 3.48041 1.02585 0.163877 2.07156 1.61832 2.85269 3.35758 0.781727 4.62319 4.14769 0.376182 3.1711 4.43554 4.89564 2.18938 4.45181 1.05371 1.08495 0.832078 2.8548 2.25 0.890376 4.48289 1.66504 2.29309 3.6539 1.31751 2.40057 3.4705 0.440185 1.26008 1.93003 4.27001 3.76 0.0100006 0.59 3.01 1.21 2.44 1.16 0.67 1.72 4.28 3.99 1.5 1.76 2.92 2.73 3.94 1.99 1 
0 1.98591 1.5032 0.45063 2.32272 4.05473 4.30343 3.17153 1.60461 0.172274 4.68394 3.73765 1.26418 1.82738 4.79612 3.06736 0.941453 2.51763 1.59643 1.06843 0.62386 2.5259 1.97625 4.78669 3.32428 4.38052 3.7001 2.89941 0.570348 4.86546 3.89383 3.75018 0.670927 2.01852 4.8439 4.32067 0.672873 3.51468 1.50787 0.262567 2.73742 0.611946 2.83434 2.31315 2.13072 2.28186 2.98766 3.76936 4.87246 0.0429308 4.8243 2.44473 0.53639 4.67825 2.34471 1.15824 3.45115 1.21738 3.75261 2.90287 1.42901 3.94517 2.07947 0.866048 0.895636 2.45748 2.83861 0.416089 2.14132 2.10618 2.80238 0.840931 4.41133 4.43551 2.39046 3.20543 1.15679 2.90682 1.20739 2.63525 4.14168 4.33102 0.930137 3.10005 3.45001 2.27 4.48 3.77 1.18 3.57 3.7 3.6 2.12 4.3 0.01 1.28 3.37 3.81 4.33 4.06 0.76 4.95 0.99 1 
0 3.32715 0.85789 0.0417512 2.58841 4.70027 3.12853 1.98134 2.96326 4.36097 0.0235609 2.95479 1.04248 1.98605 2.95246 2.29041 2.18928 2.53701 2.46038 2.89684 1.11167 1.55378 1.15499 2.91516 3.36425 1.95072 2.60239 4.041 4.37639 4.32419 3.75018 1.44718 4.85077 2.86477 0.257018 4.89489 4.92523 4.81435 2.96018 3.37603 3.80212 4.09876 4.22697 2.16889 3.41041 0.240142 4.19926 0.735399 1.65313 1.95704 3.74477 1.28423 2.67382 3.32407 4.49366 0.481131 4.067 3.9661 0.825951 4.83904 3.08968 3.60943 5.00514 1.98994 3.97812 2.54834 4.27622 2.28136 4.77796 3.65457 4.87376 2.29782 3.83006 4.50587 4.6681 2.10892 1.2374 4.99537 4.43179 0.118623 2.5233 4.91055 3.06009 4.33003 1.94001 3.5 1.25 4.82 1.85 3.69 3.78 1.95 3.43 2.73 3.87 1.98 4.57 0.1 3.9 3.2 3.8 4.96 5 0 
0 2.76468 4.71001 2.14872 4.25825 3.54184 2.11201 3.95542 4.61259 4.84611 2.46716 2.90842 4.241 3.95763 1.03721 3.22317 4.32603 3.56875 1.09025 4.20776 2.14453 4.85305 2.62526 1.69918 3.0942 1.24523 4.45695 1.96544 4.99265 3.44784 0.670927 4.85077 3.65871 3.97447 0.330302 2.06812 3.88889 0.134914 3.20392 3.15257 2.15339 4.81217 0.903226 1.48011 2.32022 0.755771 2.39689 4.43256 3.97211 1.59489 4.41418 0.318974 3.55189 2.67208 3.23494 4.73879 1.714 1.60154 3.04735 0.0952084 4.8305 0.616293 2.49291 4.85978 0.601192 2.60672 0.219656 3.70059 1.59814 0.475157 2.77664 2.69226 1.52498 1.41947 1.32907 1.32126 0.82542 1.54517 4.88833 0.0550604 0.80025 0.490263 0.360077 1.63002 1.30001 1.64 2.31 1.21 3.68 1.6 1.03 0.01 3.47 3.59 4.35 2.75 1.14 1.27 0.44 0.33 1.83 0.96 4 0 
0 3.5747 3.91447 4.13745 1.83524 4.37998 1.28038 3.32171 2.43148 1.70551 2.83888 3.98707 0.734887 1.66989 3.06188 3.18415 3.64934 4.19822 3.0818 2.18487 4.37127 4.69478 0.0644622 3.56817 2.14665 3.3846 4.39288 1.20633 3.01036 2.66177 2.01852 2.86477 3.97447 2.33779 1.52464 3.71126 4.52174 1.85211 3.31595 1.22569 0.501964 0.240201 0.370413 1.28678 4.65584 1.10965 3.17885 1.44993 1.49546 2.06273 4.07481 4.73082 2.84704 1.12751 1.56955 2.57799 4.8284 3.8304 0.759754 1.87487 2.2731 0.533483 0.12353 3.40698 0.152018 1.32637 3.61249 1.8455 3.88372 0.968514 2.49288 2.68659 0.454393 2.94458 2.95827 3.97505 2.99291 0.0891965 1.87657 1.94627 2.22105 1.00019 1.54005 2.02001 4.80001 3.69 0.990001 3.8 3.14 2.2 2.34 1.69 1.17 4.21 4.94 1.56 0.8 0.23 0.94 2.46 0.86 2.97 3 0 
0 1.025 4.034 2.71152 0.904555 4.94071 0.25821 3.93448 3.14776 4.53896 3.52655 0.0235403 3.3355 1.30606 0.947924 0.858513 3.47866 3.87913 1.43793 4.74592 3.62521 2.34115 1.21524 1.72471 0.434518 4.96603 1.74199 1.97328 4.04612 1.22821 4.8439 0.257018 0.330302 1.52464 1.33414 4.92452 4.55357 0.375613 3.17163 4.64667 1.84837 1.33011 4.29039 1.59741 1.04644 4.03593 0.353746 1.57541 0.395063 0.0666212 4.04361 0.830847 0.419058 1.3808 2.41578 1.17019 2.05529 3.83122 4.23971 3.66862 4.4353 4.59475 3.80056 4.86494 2.92608 1.13677 1.55977 3.39497 2.2487 4.14498 4.34177 4.70551 4.29491 2.39705 4.69135 2.40539 2.75439 2.03781 3.4972 3.40052 2.2412 2.23032 2.83004 3.75001 4.56 2.09 3.25 4.81 3.19 0.69 1.6 1.52 0.04 2.16 3.25 4.94 3.4 0.94 0.38 0.57 1.89 3.98 2 0 
0 1.61749 1.78736 4.91626 1.73499 3.70995 1.64822 1.28881 2.44905 1.75677 1.84696 0.194091 2.82046 2.12495 1.25307 3.28083 3.96451 4.69338 4.47635 1.25134 3.14417 1.25921 2.69031 3.27041 2.16625 2.1807 1.65551 1.221 3.17495 4.04413 4.32067 4.89489 2.06812 3.71126 4.92452 2.22674 2.62484 3.66084 4.04139 3.57905 4.31212 4.89198 0.685155 0.141515 1.91913 4.38194 1.42626 2.1877 3.42885 4.61142 3.8378 0.752168 0.0522617 3.45676 4.07048 2.45132 4.97099 0.509633 2.55352 4.25595 3.24171 1.93278 3.44675 0.123502 4.52259 4.79869 4.067 3.5627 2.33962 3.26355 4.35197 2.89888 2.2088 0.808516 4.38474 0.715055 1.44503 4.04059 2.61754 4.14104 1.65049 1.14007 2.91006 0.250005 2.09 2.61 4.38 1.79 1.78 3.86 1.84 1.43 3.54 2.25 2.57 0.83 4.89 2.38 2.76 1.67 3.92 4.99 1 0 
0 1.07861 1.5073 4.55099 0.149102 0.521526 2.67961 2.75275 3.69323 2.06064 0.517673 0.428843 1.2345 2.85401 0.836738 3.65245 4.67305 2.75782 0.687703 4.15045 0.92801 3.41292 0.338247 0.783013 0.998397 4.39163 2.87638 2.89341 2.04395 1.07415 0.672873 4.92523 3.88889 4.52174 4.55357 2.62484 4.46843 3.92857 3.92884 0.124116 4.62345 0.58678 0.801561 2.75081 1.43461 4.29087 3.52548 4.42731 4.53816 4.9879 2.44022 3.76843 2.08899 2.58349 2.13516 4.03402 0.649286 0.87837 4.06271 3.54294 3.23563 4.7124 0.501945 3.08893 2.92656 4.97416 1.02021 1.07461 3.14176 0.108258 1.0305 1.96091 0.874824 3.50785 3.93196 3.49766 0.287468 2.73287 2.15591 1.2005 1.60023 2.78008 1.21001 4.32001 1.45 4.19 0.64 4.16 0.57 3.5 4.39 2.39 0.47 0.38 0.33 2.53 0.31 2.55 3.07 0.75 2.94 1.99 1 0 
0 2.44128 0.97908 3.59026 2.90922 4.35964 2.20579 4.74692 0.71834 1.66711 4.15233 4.91962 2.66984 1.02878 3.61492 1.77966 0.79302 2.20562 4.11366 2.45151 3.39747 1.92086 0.199284 3.29096 0.533622 2.05807 0.350086 0.358104 3.49262 3.17539 3.51468 4.81435 0.134914 1.85211 0.375613 3.66084 3.92857 4.16822 3.88226 3.64608 3.47458 4.94115 4.55433 2.97961 2.34461 0.251619 2.15011 2.85965 2.27425 3.99396 0.100029 4.60619 2.20461 3.08495 0.366284 0.0910775 2.57692 4.82942 0.912388 3.65085 4.75127 1.78702 4.80494 4.86114 1.48625 1.77631 0.706996 4.60976 3.13526 1.72293 3.1025 2.96247 0.430525 3.86425 1.68821 1.34722 4.98093 3.1303 1.7613 3.48098 1.50028 3.72003 1.60001 1 3.76 0.530001 3.42 0.12 1.87 4.14 0.46 3.91 3.64 4.69 1.65 3.51 3.79 3.48 4.32 2.82 3.96 5 0 0 
0 0.619839 3.45634 0.506241 1.32546 3.47921 4.31702 2.59231 3.78392 2.28492 0.719727 2.56704 4.98901 4.73814 1.17244 2.76847 1.47643 2.31807 0.418142 4.39939 4.00376 4.61541 2.33856 1.48454 4.45864 1.93533 1.6164 0.922964 1.57366 4.76864 1.50787 2.96018 3.20392 3.31595 3.17163 4.04139 3.92884 3.88226 4.1192 1.77038 3.27051 2.37247 1.98065 1.7811 3.43121 3.24678 0.418024 2.04804 4.67659 4.07095 3.52574 0.090574 4.50702 1.90089 2.57605 4.21285 2.41852 3.66648 3.82925 0.478634 2.8215 3.97348 1.48278 1.46244 1.3644 1.68741 4.5176 1.61426 0.370285 3.58785 2.99583 0.785758 1.93111 3.83829 4.71219 1.3754 4.40847 0.414612 3.65038 2.5501 1.27009 0.52006 1.94001 1.58 0.980001 1.3 1.87 2.77 0.58 4.7 1.6 2.07 4.13 2.98 1.9 0.33 1.44 1.19 3.51 1.87 1.97 3 0 0 
0 1.71935 0.989228 2.82404 4.19844 0.968777 1.31352 1.39525 4.87662 4.49952 1.88606 3.57104 1.98142 3.61736 0.722109 2.33844 3.69766 2.57523 0.770329 3.75381 4.95404 0.790138 2.81572 2.92649 3.03447 1.0261 1.14984 3.87527 0.143283 2.26166 0.262567 3.37603 3.15257 1.22569 4.64667 3.57905 0.124116 3.64608 1.77038 3.1995 2.48248 0.241401 4.30717 1.67056 0.584783 3.98759 3.66979 0.851844 1.26576 2.33714 0.563611 0.495086 3.37266 3.23305 4.98986 2.84471 3.37119 1.20857 3.01996 4.44917 1.48355 0.555815 2.21303 4.93855 2.20954 3.919 0.868199 2.82743 4.14717 4.60577 1.75618 2.21716 2.5294 1.97121 4.46241 4.6368 2.82606 4.2318 2.33056 0.950143 4.36007 3.29002 1.14001 4.14 0.710001 1.99 0.36 4.33 0.28 2.16 4.95 3.03 0.51 2.72 4.45 0.59 2.42 2.73 0.65 2.91 1.98 2 0 0 
0 2.14084 4.61821 3.29638 0.411304 0.84158 4.03215 4.37519 4.63648 2.19445 0.0552055 2.48339 3.86102 2.26519 3.57326 1.37824 3.02911 3.7313 4.35815 0.470844 0.740809 1.93506 3.81861 2.70251 0.373469 0.520353 0.578801 4.82064 1.70225 3.5524 2.73742 3.80212 2.15339 0.501964 1.84837 4.31212 4.62345 3.47458 3.27051 2.48248 0.598448 0.838133 3.04822 2.18118 2.13325 3.76624 1.06381 4.92972 4.93922 0.828711 0.0374967 1.65334 3.44111 2.18834 3.43331 2.49763 4.89289 2.50577 3.40125 3.81508 0.285007 0.949838 0.779028 4.64984 4.64295 0.802667 1.85489 1.66904 0.140341 4.45852 3.55337 3.53898 1.22667 3.96429 2.75775 4.57811 1.87371 1.41128 3.90036 1.20003 3.56003 0.130007 2.69 0.840001 4.13 3.66 3.38 1.47 3.43 4.69 2.98 0.85 2.66 2.36 4.45 4.84 0.86 0.12 2.76 2.94 2.99 1 0 0 
0 0.712046 1.07985 0.0080699 3.28721 1.01344 4.26224 0.733678 2.47688 2.29756 4.59298 0.0883213 3.04458 4.49939 2.43006 3.44211 4.89586 1.60465 2.02677 2.57942 0.490074 4.92725 1.47345 0.248451 2.36673 2.20947 1.68235 1.06183 1.83814 2.76468 0.611946 4.09876 4.81217 0.240201 1.33011 4.89198 0.58678 4.94115 2.37247 0.241401 0.838133 1.87225 1.21598 0.034541 3.38577 0.827472 4.31895 0.412439 0.0403917 1.45158 1.11643 3.1792 0.903565 1.07463 2.94046 1.92439 4.12806 1.02069 3.30285 0.186196 3.0701 4.56713 4.67616 1.22302 2.62725 0.467014 1.06148 0.131063 1.37922 1.72873 2.45399 2.35244 4.17785 3.38804 3.43269 2.51058 0.173786 0.690639 4.09017 3.12006 2.26 2.49001 2.87 4.31 0.87 2.17 0.55 3.45 3.1 4.77 2.91 1.19 3.82 0.02 1.75 3.54 2.89 3.41 2.84 1.96 5 0 0 0 
0 1.0067 3.23726 2.49364 3.91667 1.09746 0.459701 3.92471 2.92617 4.80747 4.50296 4.86917 1.59432 1.83369 2.12236 4.163 2.25102 3.43869 0.263841 2.32218 2.54013 0.771475 2.06008 3.09772 4.09353 1.33379 3.26794 3.26707 2.4106 3.5083 2.83434 4.22697 0.903226 0.370413 4.29039 0.685155 0.801561 4.55433 1.98065 4.30717 3.04822 1.21598 4.58965 4.95816 3.37342 3.17853 4.40332 4.88916 1.86617 4.78488 4.26112 0.331769 3.77959 4.78528 4.01486 3.90098 0.0569778 1.69384 0.38016 0.625387 0.282845 4.14562 1.18674 0.261009 2.42069 3.87943 3.47832 3.92175 4.73714 1.58285 2.6305 2.92889 0.952806 3.32776 2.90133 1.97671 4.43131 1.96035 3.66014 3.96005 4.32001 2.54001 4.61 4.69 3.49 2.09 1.32 1.05 1.36 0.86 4.27 1.12 4.61 2.45 2.88 3.1 4.61 2.61 4.9 3.98 2 0 0 0 
0 3.82622 4.35437 3.82701 4.67222 4.26 3.0935 1.77407 1.71888 4.0061 0.374808 3.6665 2.21363 2.01707 1.47092 3.52386 2.07697 0.973526 1.56277 0.553131 0.263689 2.28527 1.92374 3.98907 4.30248 1.91115 1.50461 2.65015 0.574819 2.7837 2.31315 2.16889 1.48011 1.28678 1.59741 0.141515 2.75081 2.97961 1.7811 1.67056 2.18118 0.034541 4.95816 3.25478 4.30126 0.331747 1.84852 3.92801 4.61039 0.486363 4.78273 3.24656 1.09284 4.26611 1.68444 0.181628 0.402445 3.91461 3.63763 1.32968 0.511878 2.63318 0.500748 3.27368 3.09938 4.48509 2.93994 0.642373 1.85424 1.23109 3.26236 1.39345 2.41121 2.08699 0.710092 3.40402 3.45082 3.2002 0.480063 1.68002 3.88001 4.88 1.9 0.81 1.17 2.86 3.96 2.17 3.18 1.41 4.4 0.8 3.55 2.08 3.02 4.84 4.1 3.75 4.94 2.99 1 0 0 0 
0 2.25147 0.456781 4.24763 1.08095 1.88957 0.721975 3.83283 4.17261 2.56796 1.91911 1.10852 4.50584 3.57718 1.94733 0.356241 2.76639 4.78255 0.141373 3.56321 1.42411 0.140714 0.0989702 0.771311 4.991 1.79241 0.750421 2.54069 0.619948 3.4902 2.13072 3.41041 2.32022 4.65584 1.04644 1.91913 1.43461 2.34461 3.43121 0.584783 2.13325 3.38577 3.37342 4.30126 0.740526 0.153919 2.77491 3.83346 1.6636 3.96691 1.32973 0.377549 1.11524 4.80563 4.70178 4.72107 1.78805 1.69853 1.39404 2.80215 0.689975 2.42107 1.15943 1.64152 4.18907 4.11405 3.07966 4.30221 2.21709 0.311154 0.647219 0.696015 0.181428 2.0097 2.54352 1.19092 0.270614 4.49014 4.00005 0.740011 0.0800031 0.450001 2.89 0.74 0.83 4.05 0.33 2.26 4.98 4.21 3 3.92 1.86 2.24 2.07 1.99 0.42 2.84 1.96 5 0 0 0 0 
0 2.97018 4.74173 3.25242 3.03456 2.8385 1.05947 0.630392 0.624006 2.01544 3.86038 3.17707 4.36569 2.73845 3.50127 3.08925 4.74855 4.72757 4.89555 4.51192 4.26859 1.85848 1.3347 2.7555 3.32753 2.81766 4.16428 4.14976 4.95582 3.30519 2.28186 0.240142 0.755771 1.10965 4.03593 4.38194 4.29087 0.251619 3.24678 3.98759 3.76624 0.827472 3.17853 0.331747 0.153919 0.12575 3.93369 1.02977 4.73589 4.11276 2.61425 1.8478 3.25882 0.12628 2.53121 4.75958 1.62768 3.50614 0.0788772 3.04655 3.97083 1.81036 3.7342 1.58023 4.95346 0.595672 0.676733 4.40053 2.80058 0.699647 3.50422 2.95577 0.635736 4.85401 4.96169 0.800416 4.20019 2.74004 4.68002 1.28001 3 0.0800007 2.56 0.38 1.17 0.45 3.23 0.78 0.4 0.71 4.28 2.18 1.31 0.34 4.7 4.75 2.64 1.9 3.98 2 0 0 0 0 
0 4.13149 5.00369 0.603576 1.02683 1.60332 0.791365 1.48822 4.00157 0.0922629 4.19262 2.04341 3.98398 1.69117 2.57364 2.29635 0.756734 2.6147 2.2145 3.01871 2.37263 1.42228 1.50099 0.0767015 0.933957 1.40945 4.51583 1.72805 4.21265 3.93568 2.98766 4.19926 2.39689 3.17885 0.353746 1.42626 3.52548 2.15011 0.418024 3.66979 1.06381 4.31895 4.40332 1.84852 2.77491 3.93369 4.64314 3.02685 4.15857 0.671962 4.50864 4.10451 3.90544 1.95168 0.574179 4.0537 0.226733 3.39626 0.734835 2.38474 3.96694 2.65787 3.49067 2.05353 0.562427 0.689229 2.87235 1.02894 1.39859 0.373367 4.67904 4.80515 2.55757 3.19463 2.65116 1.99032 1.1501 2.17003 2.35001 1.57 4.26 1.2 1.47 3.56 0.57 3.65 1.8 1.37 0.56 1.09 2.35 1.51 3.03 4.1 2.37 2.23 2.78 1.94 2.99 1 0 0 0 0 
0 2.02529 1.76091 3.02931 1.72076 2.7214 0.101642 0.880606 0.0777689 2.57451 2.1822 2.0344 0.424703 4.97309 1.89769 4.24055 3.53352 3.95411 0.623576 1.52968 0.319296 3.3148 1.09829 1.40016 3.48419 2.63394 3.72421 0.592314 0.501284 2.82829 3.76936 0.735399 4.43256 1.44993 1.57541 2.1877 4.42731 2.85965 2.04804 0.851844 4.92972 0.412439 4.88916 3.92801 3.83346 1.02977 3.02685 2.89721 2.67836 4.11397 3.78372 4.68019 3.17332 1.28071 2.01802 4.27969 1.54092 1.09558 0.495505 0.967981 4.87251 2.84835 2.80917 0.0150304 2.50414 4.51022 1.18094 0.85521 1.99349 0.661028 2.24469 2.42269 1.81652 3.33155 0.63104 4.65999 3.54005 0.749999 1.44001 0.0600001 1.17 3 1.51 4.12 1.08119e-08 3.54 4.39 1.56 1.3 1.58 0.38 1.7 4.19 0.67 4.42 4.54 2.87 3.97 4 0 0 0 0 0 
0 2.78619 3.0599 1.68166 2.18086 1.69122 4.52137 2.94177 1.11525 0.225786 3.9466 1.69413 1.58431 2.07358 1.74653 3.74049 0.151103 1.3396 3.97812 0.644593 4.05999 0.484966 0.73366 0.720902 4.31725 3.93355 0.861804 1.54224 4.63453 1.68331 4.87246 1.65313 3.97211 1.49546 0.395063 3.42885 4.53816 2.27425 4.67659 1.26576 4.93922 0.0403917 1.86617 4.61039 1.6636 4.73589 4.15857 2.67836 2.97308 4.5779 1.84398 4.53925 1.74202 4.55829 2.73236 4.47282 1.3149 1.42812 2.73961 2.87708 2.22477 4.90733 1.17454 3.76952 0.642365 3.47151 1.27058 3.12198 0.151374 0.0753905 2.90265 0.12625 4.16577 2.49041 4.33011 1.64007 2.17003 0.140009 0.140003 2.24 3.57 0.32 0.64 1.49 1.89 0.56 2.02 1.83 1.06 3.68 0.44 1.5 0.56 3.86 1.06 4.73 4.93 4.99 1 0 0 0 0 0 
0 4.75845 4.40488 0.417257 4.09438 1.76037 3.325 0.358193 2.05958 3.38142 4.23253 1.15252 0.517697 3.22891 4.90514 1.63267 3.06253 3.53738 0.611526 0.773637 2.20903 2.91186 2.70197 4.10635 1.18152 4.16632 2.12527 0.280248 2.18034 0.618025 0.0429308 1.95704 1.59489 2.06273 0.0666212 4.61142 4.9879 3.99396 4.07095 2.33714 0.828711 1.45158 4.78488 0.486363 3.96691 4.11276 0.671962 4.11397 4.5779 2.65959 3.56797 2.55527 4.13082 2.12277 3.64674 4.88889 2.74477 1.56795 1.09026 3.24203 1.46584 2.55475 0.937726 0.699087 1.15748 2.48799 4.28144 3.28518 1.54701 1.47555 2.84083 1.56355 2.73293 1.47059 4.32034 2.7001 4.73002 1.06001 3.64 0.0300007 2.2 0.39 2.5 2.85 2.23 1.34 2.65 3.11 0.4 1.44 2.31 4.21 1.97 0.17 1.45 1.84 2.96 5 0 0 0 0 0 0 
0 3.62084 0.796596 2.8455 2.35675 1.62446 4.1034 2.83309 2.06629 0.396553 0.392034 4.40449 1.80515 1.71344 1.31068 1.26501 3.20523 0.69931 2.96508 3.84279 1.50741 3.8627 1.86158 3.14311 1.6859 1.32776 1.74276 3.00717 4.62255 0.489571 4.8243 3.74477 4.41418 4.07481 4.04361 3.8378 2.44022 0.100029 3.52574 0.563611 0.0374967 1.11643 4.26112 4.78273 1.32973 2.61425 4.50864 3.78372 1.84398 3.56797 2.31885 2.83501 0.530953 3.30656 4.13341 4.95949 1.56836 1.81137 1.85531 1.79354 4.86533 1.53422 1.80982 4.6839 4.67792 3.05747 3.149 2.87251 0.559541 3.38506 3.67052 1.48012 2.26059 0.36023 4.32008 4.11004 0.540007 0.710006 1.15 1.97 1.29 2.21 1.68 3.98 2.44 4.35 1.94 3.04 2.85 3.5 2.64 3.8 4.57 4.96 3.69 1.91 2.98 2 0 0 0 0 0 0 
0 0.737083 2.4168 2.28435 1.57807 4.7081 2.92231 4.29295 2.48437 1.18929 2.5465 1.03154 1.5559 2.51084 3.67436 2.15762 3.81923 2.06746 3.87803 2.82752 2.88512 1.85246 4.64196 1.95144 3.87839 2.50458 0.887279 4.85011 3.1981 3.01128 2.44473 1.28423 0.318974 4.73082 0.830847 0.752168 3.76843 4.60619 0.090574 0.495086 1.65334 3.1792 0.331769 3.24656 0.377549 1.8478 4.10451 4.68019 4.53925 2.55527 2.83501 3.5014 2.57142 0.740558 3.36439 1.20094 2.0707 3.42863 0.153065 0.0617844 3.24637 4.4509 2.62067 0.501626 0.260124 4.67526 4.68615 2.19941 2.84198 0.247109 1.87578 4.43028 1.4403 3.98008 0.629994 2.81001 1.68 2.17 1.55 3.8 0.33 2.94 3.84 4.71 3.34 0.29 2.42 1.01 2.19 1.27 3.83 0.74 2.07 1.41 4.83 0.95 1.99 1 0 0 0 0 0 0 
0 2.8183 3.6243 3.91673 3.88474 1.78362 4.57917 2.86976 0.138429 2.54853 0.0818251 3.22167 3.33092 2.31014 0.220381 1.59976 1.91235 3.11829 0.012548 3.1204 1.06733 2.87754 4.32916 1.85505 4.39486 4.237 0.784358 1.62969 2.00658 2.66879 0.53639 2.67382 3.55189 2.84704 0.419058 0.0522617 2.08899 2.20461 4.50702 3.37266 3.44111 0.903565 3.77959 1.09284 1.11524 3.25882 3.90544 3.17332 1.74202 4.13082 0.530953 2.57142 2.85989 1.24692 2.17981 0.0174708 0.88691 0.505976 2.80629 2.3326 1.25837 1.11639 2.68149 2.31241 2.93553 2.92039 2.72436 0.100321 1.32744 2.40952 4.94114 0.570547 1.08029 3.04011 4.35001 4.71001 1.27 3.42 4.22 3.34 1.92 1.5 0.3 4.43 2.42 4.7 3.45 1.2 4.31 1.79 1.95 2.55 1.93 0.67 4.91 3.98 3 0 0 0 0 0 0 0 
