0 0 0 0 0 0 0 0 0 0 0 0 0 0 0 0 0 0 0 0 0 0 0 0 0 0 0 0 0 0 0 0 
0 0.00981488 1.39035 4.23552 4.58911 0.019294 3.1423 0.0583803 3.25984 0.0152201 2.90298 4.80023 0.200115 2.60002 3.8 0.300001 2.2 1.5 4.3 4.7 1.9 4.6 1 3.1 4.8 1.6 1.42109e-14 4.3 1.9 1 0 0 
0 1.39035 4.48498 4.34196 2.29727 2.148 2.2735 3.61263 4.03312 0.642633 2.00232 2.00107 2.60043 4.40004 4.00001 4.4 4.5 1.6 2.7 4.1 1.16253e-09 0.2 4.8 2 1.2 1.8 1.6 1.9 1.2 2.9 1 0 
0 4.23552 4.34196 1.05221 0.822975 3.20348 0.252515 3.28411 0.389729 2.34411 1.70471 3.00203 1.80017 1.30006 3.10002 0.400001 3.4 1.3 1.9 4.8 3.8 0.3 4.3 2.2 3 1.5 5 4.7 3.7 3.6 4 0 
0 4.58911 2.29727 0.822975 2.84133 4.19501 2.16833 3.91338 3.41869 2.00046 2.80442 0.40108 1.00031 1.40006 3.40002 3.60001 3.4 0.1 3.1 3.5 0.5 3.4 2.3 1.4 1.6 3.1 1.7053e-13 1.4 4.4 4.1 3.9 1 
0 0.019294 2.148 3.20348 4.19501 0.969854 4.003 4.0211 5.00218 4.50741 3.00317 1.70087 1.10023 4.60002 0.300017 0.9 0.300001 0.1 1.3 2.2 4.7 1.2 5 0.4 4.2 3.1 3.3 1.2 1.9 3.5 0.7 3 
0 3.1423 2.2735 0.252515 2.16833 4.003 1.20042 3.15315 3.1162 1.70374 4.40175 1.80051 4.90015 4.8 3.70001 3.9 0.100001 1.1 1.5 3.1 0.6 0.5 0.2 1.9 2.9 1.1 0.4 0.3 4.1 2 2.6 4 
0 0.0583803 3.61263 3.28411 3.91338 4.0211 3.15315 1.90299 0.200431 3.00327 4.00031 4.90044 1.40005 0.500024 0.900003 4.8 2.6 4.4 1.1 3.5 2.3 0.1 2.5 1.5 0.2 1.9 4.3 3.6 3.4 3.8 0.5 5 
0 3.25984 4.03312 0.389729 3.41869 5.00218 3.1162 0.200431 4.00455 0.900738 2.90002 1.00011 4.60006 1.50001 1.4 3.5 1.3 0.3 2.1 4.3 0.7 3.4 0.3 1.51203e-11 1.8 3.8 3.7 4.7 4.9 0.8 1.5 5 
0 0.0152201 0.642633 2.34411 2.00046 4.50741 1.70374 3.00327 0.900738 3.50057 4.80016 2.50004 0.200001 4.3 3.8 1.9 2.6 3.3 0.2 0.2 4.4 3.3 1 2.1 3.2 1.64846e-12 1.4 2.9 4.2 3.1 3.6 4 
0 2.90298 2.00232 1.70471 2.80442 3.00317 4.40175 4.00031 2.90002 4.80016 1.20004 2.33385e-05 1.30001 2.3 2.7 1.6 2 1.6 2.4 2.7 0.6 4 0.6 3.5 4.7 0.1 5 2.3 3.9 3.5 3.7 3 
0 4.80023 2.00107 3.00203 0.40108 1.70087 1.80051 4.90044 1.00011 2.50004 2.33385e-05 0.100007 0.900001 4.3 0.600001 4 0.3 0.6 2.6 1 4.9 4.3 3 2.2 4.26326e-12 3.8 0.2 3.3 3.6 2.9 3.8 2 
0 0.200115 2.60043 1.80017 1.00031 1.10023 4.90015 1.40005 4.60006 0.200001 1.30001 0.900001 0.600002 3.1 2.4 4.2 3.1 2.9 0.6 2.7 4.9 0.8 1.3 4.3 0.5 1.5 3.4 2 1 0.2 4.9 1 
0 2.60002 4.40004 1.30006 1.40006 4.60002 4.8 0.500024 1.50001 4.3 2.3 4.3 3.1 4.9 3.2 4.9 3.2 2.8 1.5 0.5 4 2 3.1 4 4 2.4 3.1 2.2 1.1 1.5 0.9 1 
0 3.8 4.00001 3.10002 3.40002 0.300017 3.70001 0.900003 1.4 3.8 2.7 0.600001 2.4 3.2 4.8 4.4 2.9 3.3 3.2 1.9 2.9 3.9 0.7 0.7 0.4 0.9 1.3 1 2.9 0.7 4 0 
0 0.300001 4.4 0.400001 3.60001 0.9 3.9 4.8 3.5 1.9 1.6 4 4.2 4.9 4.4 2.6 1 4.9 2.6 2.9 2.5 4.6 0.5 2.3 4 1.5 4.6 1.8 2.4 3.9 1 0 
0 2.2 4.5 3.4 3.4 0.300001 0.100001 2.6 1.3 2.6 2 0.3 3.1 3.2 2.9 1 4.4 2.4 4.5 3.3 3.4 0.9 3.3 2.8 2.8 4.6 4.2 3.9 1.7 4 0 0 
0 1.5 1.6 1.3 0.1 0.1 1.1 4.4 0.3 3.3 1.6 0.6 2.9 2.8 3.3 4.9 2.4 1.4 2.3 2.5 3.4 4.4 1.3 2.6 2.3 5 1.1 4.5 2.9 1 0 0 
0 4.3 2.7 1.9 3.1 1.3 1.5 1.1 2.1 0.2 2.4 2.6 0.6 1.5 3.2 2.6 4.5 2.3 4.8 3.5 3.2 3.1 3 3.7 1.4 3.2 1.1 3.8 3 0 0 0 
0 4.7 4.1 4.8 3.5 2.2 3.1 3.5 4.3 0.2 2.7 1 2.7 0.5 1.9 2.9 3.3 2.5 3.5 0.6 3.2 1.8 1 2 2.2 4.8 0.6 0.9 1 0 0 0 
0 1.9 1.16253e-09 3.8 0.5 4.7 0.6 2.3 0.7 4.4 0.6 4.9 4.9 4 2.9 2.5 3.4 3.4 3.2 3.2 1.3 4.8 4.3 2.4 2.4 2.5 3.9 2 0 0 0 0 
0 4.6 0.2 0.3 3.4 1.2 0.5 0.1 3.4 3.3 4 4.3 0.8 2 3.9 4.6 0.9 4.4 3.1 1.8 4.8 0.6 0.9 0.1 4.4 0.8 3 0 0 0 0 0 
0 1 4.8 4.3 2.3 5 0.2 2.5 0.3 1 0.6 3 1.3 3.1 0.7 0.5 3.3 1.3 3 1 4.3 0.9 0 3.3 2.8 4 0 0 0 0 0 0 
0 3.1 2 2.2 1.4 0.4 1.9 1.5 1.51203e-11 2.1 3.5 2.2 4.3 4 0.7 2.3 2.8 2.6 3.7 2 2.4 0.1 3.3 3.8 4 0 0 0 0 0 0 0 
0 4.8 1.2 3 1.6 4.2 2.9 0.2 1.8 3.2 4.7 4.26326e-12 0.5 4 0.4 4 2.8 2.3 1.4 2.2 2.4 4.4 2.8 4 0 0 0 0 0 0 0 0 
0 1.6 1.8 1.5 3.1 3.1 1.1 1.9 3.8 1.64846e-12 0.1 3.8 1.5 2.4 0.9 1.5 4.6 5 3.2 4.8 2.5 0.8 4 0 0 0 0 0 0 0 0 0 
0 1.42109e-14 1.6 5 1.7053e-13 3.3 0.4 4.3 3.7 1.4 5 0.2 3.4 3.1 1.3 4.6 4.2 1.1 1.1 0.6 3.9 3 0 0 0 0 0 0 0 0 0 0 
0 4.3 1.9 4.7 1.4 1.2 0.3 3.6 4.7 2.9 2.3 3.3 2 2.2 1 1.8 3.9 4.5 3.8 0.9 2 0 0 0 0 0 0 0 0 0 0 0 
0 1.9 1.2 3.7 4.4 1.9 4.1 3.4 4.9 4.2 3.9 3.6 1 1.1 2.9 2.4 1.7 2.9 3 1 0 0 0 0 0 0 0 0 0 0 0 0 
0 1 2.9 3.6 4.1 3.5 2 3.8 0.8 3.1 3.5 2.9 0.2 1.5 0.7 3.9 4 1 0 0 0 0 0 0 0 0 0 0 0 0 0 0 
0 0 1 4 3.9 0.7 2.6 0.5 1.5 3.6 3.7 3.8 4.9 0.9 4 1 0 0 0 0 0 0 0 0 0 0 0 0 0 0 0 0 
0 0 0 0 1 3 4 5 5 4 3 2 1 1 0 0 0 0 0 0 0 0 0 0 0 0 0 0 0 0 0 0 
