0 0 0 0 0 0 0 0 0 0 0 0 0 0 0 0 0 0 0 0 0 0 0 0 0 0 0 0 0 0 0 0 0 
0 2.3161 4.88614 4.62877 3.85044 2.88739 0.547452 0.749059 4.882 4.97427 3.08427 4.201 1.67007 2.4 0.0100054 2.03 4.43 4.39 2.25 4.21 4 4.03 0.61 3.89 0.01 0.81 3.37 2.88 1.98 2 0 0 0 
0 4.88614 0.176727 2.8277 0.39421 4.11342 3.87787 4.16374 0.676132 1.6729 3.91995 2.32078 3.7404 1.12012 4.37001 1.31 4.08 4.15 0.61 2.82 3.41 1.75 1.4 3.2 2.4 3.08 1.7 1.32 4.87 2.98 2 0 0 
0 4.62877 2.8277 0.838507 4.91445 0.916235 1.93118 1.06188 2.67852 0.570835 0.56666 2.02112 4.70026 3.35006 2.14001 0.520003 4.11 1.65 2.31 0.8 1.43 4.66 3.11 3.03 0.87 3.68 3.1 1.09 3.6 1.92 2.99 1 0 
0 3.85044 0.39421 4.91445 3.78296 2.87161 4.50704 1.97638 3.90647 4.69602 2.72572 3.53117 3.37009 4.25006 3.42002 1.50001 1.43 2.39 2.78 4.03 1.66 1.71 2.49 2.64 3.37 0.76 2.41 1.31 3.19 3.83 2.97 3 0 
0 2.88739 4.11342 0.916235 2.87161 4.30315 1.27957 2.92995 0.366533 3.11668 3.31061 4.75048 1.72018 3.34009 3.24003 3.85 3.54 3.79 4.6 0.86 1.52 4.29 2.48 1.83 4.54 1.27 2.99 4.48 1.74 2.72 0.94 0.99 1 
0 0.547452 3.87787 1.93118 4.50704 1.27957 0.00313055 4.15473 3.20104 3.36151 1.48136 0.170799 3.80031 5.11202e-05 3.96001 3.6 1.7 0.4 1.88 1.36 1.12 3.99 2.83 4.84 4.08 4.92 0.24 1.16 3.39 3.63 2.92 3.99 1 
0 0.749059 4.16374 1.06188 1.97638 2.92995 4.15473 4.19743 3.13671 3.22399 3.62048 4.46038 2.00005 3.90004 4.72001 2.24 4.4 0.31 2.07 2.54 0.6 2.88 0.37 0.26 0.63 0.15 1.34 2.72 2.23 3.58 4.91 4.99 1 
0 4.882 0.676132 2.67852 3.90647 0.366533 3.20104 3.13671 3.25586 2.65087 2.21996 3.1401 0.530056 1.89001 2.47001 0.550001 1.42 0.3 4.38 0.91 2.21 0.1 4.1 0.63 3.08 1.06 2.94 2.15 0.28 3.58 0.9 0.98 2 
0 4.97427 1.6729 0.570835 4.69602 3.11668 3.36151 3.22399 2.65087 1.6206 2.42029 4.61007 0.83 4.26001 0.96 1.03 1.6 4.17 0.29 1.99 2.75 2.87 2.48 2.59 0.17 2.42 1.72 2.19 1.5 1.62 2.91 0.98 2 
0 3.08427 3.91995 0.56666 2.72572 3.31061 1.48136 3.62048 2.21996 2.42029 3.34005 3.13002 4.01002 4.28 3.05 1.33 2.18 1.1 4.98 2.13 3.37 3.11 3.1 3.77 0.44 2.1 1.2 1.49 4.81 1.69 4.93 3.99 1 
0 4.201 2.32078 2.02112 3.53117 4.75048 0.170799 4.46038 3.1401 4.61007 3.13002 3.51 2.53 1.66 1.06 3.77 2.76 0.75 3.43 1.09 3.21 3.4 3.08 1.21 1.43 5 3.27 0.76 2.12 3.77 4.95 0.99 1 
0 1.67007 3.7404 4.70026 3.37009 1.72018 3.80031 2.00005 0.530056 0.83 4.01002 2.53 0.990003 1.98 4.98 0.12 3.64 4.57 1.6 3.72 0.44 4.6 4.42 1.35 0.34 4.33 2.34 2.83 4.4 2.84 0.96 5 0 
0 2.4 1.12012 3.35006 4.25006 3.34009 5.11202e-05 3.90004 1.89001 4.26001 4.28 1.66 1.98 2.89 3.98 4.55 0.75 1.93 1.07 2.28 2.32 2.22 1.47 2.32 0.64 2.03 3.29 1.63 1.61 4.9 3.98 2 0 
0 0.0100054 4.37001 2.14001 3.42002 3.24003 3.96001 4.72001 2.47001 0.96 3.05 1.06 4.98 3.98 4.67 2.33 2.22 1.09 0.38 4.16 3.49 3.99 1.69 4.6 1.51 1.93 0.25 1.18 0.76 3.94 2.99 1 0 
0 2.03 1.31 0.520003 1.50001 3.85 3.6 2.24 0.550001 1.03 1.33 3.77 0.12 4.55 2.33 4.24 0.96 1.32 0.91 1.8 1.69 1.03 4.65 1.55 3.45 2.09 4.48 3.54 4.87 3.97 4 0 0 
0 4.43 4.08 4.11 1.43 3.54 1.7 4.4 1.42 1.6 2.18 2.76 3.64 0.75 2.22 0.96 2.41 3.37 2.56 4.21 0.37 2.3 3.94 2.15 2.14 4.46 0.19 1.75 2.93 4.99 1 0 0 
0 4.39 4.15 1.65 2.39 3.79 0.4 0.31 0.3 4.17 1.1 0.75 4.57 1.93 1.09 1.32 3.37 2.22 4.11 1.88 0.37 4.73 0.2 3.7 2.18 4.74 1.59 0.87 4.97 4 0 0 0 
0 2.25 0.61 2.31 2.78 4.6 1.88 2.07 4.38 0.29 4.98 3.43 1.6 1.07 0.38 0.91 2.56 4.11 0.34 2.83 0.26 0.48 2.37 2.83 2.21 4.4 0.8 2.94 3.99 1 0 0 0 
0 4.21 2.82 0.8 4.03 0.86 1.36 2.54 0.91 1.99 2.13 1.09 3.72 2.28 4.16 1.8 4.21 1.88 2.83 3.17 1.98 1.93 3.68 1.71 2.19 0.72 2.91 4.98 3 0 0 0 0 
0 4 3.41 1.43 1.66 1.52 1.12 0.6 2.21 2.75 3.37 3.21 0.44 2.32 3.49 1.69 0.37 0.37 0.26 1.98 1.03 2.01 3.35 3.02 3.65 2.88 0.96 0.99 1 0 0 0 0 
0 4.03 1.75 4.66 1.71 4.29 3.99 2.88 0.1 2.87 3.11 3.4 4.6 2.22 3.99 1.03 2.3 4.73 0.48 1.93 2.01 0.21 2.92 0.59 0.85 1.95 3.99 2 0 0 0 0 0 
0 0.61 1.4 3.11 2.49 2.48 2.83 0.37 4.1 2.48 3.1 3.08 4.42 1.47 1.69 4.65 3.94 0.2 2.37 3.68 3.35 2.92 0.57 3.84 0.94 0.98 3 0 0 0 0 0 0 
0 3.89 3.2 3.03 2.64 1.83 4.84 0.26 0.63 2.59 3.77 1.21 1.35 2.32 4.6 1.55 2.15 3.7 2.83 1.71 3.02 0.59 3.84 1.94 1.98 4 0 0 0 0 0 0 0 
0 0.01 2.4 0.87 3.37 4.54 4.08 0.63 3.08 0.17 0.44 1.43 0.34 0.64 1.51 3.45 2.14 2.18 2.21 2.19 3.65 0.85 0.94 1.98 4 0 0 0 0 0 0 0 0 
0 0.81 3.08 3.68 0.76 1.27 4.92 0.15 1.06 2.42 2.1 5 4.33 2.03 1.93 2.09 4.46 4.74 4.4 0.72 2.88 1.95 0.98 4 0 0 0 0 0 0 0 0 0 
0 3.37 1.7 3.1 2.41 2.99 0.24 1.34 2.94 1.72 1.2 3.27 2.34 3.29 0.25 4.48 0.19 1.59 0.8 2.91 0.96 3.99 3 0 0 0 0 0 0 0 0 0 0 
0 2.88 1.32 1.09 1.31 4.48 1.16 2.72 2.15 2.19 1.49 0.76 2.83 1.63 1.18 3.54 1.75 0.87 2.94 4.98 0.99 2 0 0 0 0 0 0 0 0 0 0 0 
0 1.98 4.87 3.6 3.19 1.74 3.39 2.23 0.28 1.5 4.81 2.12 4.4 1.61 0.76 4.87 2.93 4.97 3.99 3 1 0 0 0 0 0 0 0 0 0 0 0 0 
0 2 2.98 1.92 3.83 2.72 3.63 3.58 3.58 1.62 1.69 3.77 2.84 4.9 3.94 3.97 4.99 4 1 0 0 0 0 0 0 0 0 0 0 0 0 0 0 
0 0 2 2.99 2.97 0.94 2.92 4.91 0.9 2.91 4.93 4.95 0.96 3.98 2.99 4 1 0 0 0 0 0 0 0 0 0 0 0 0 0 0 0 0 
0 0 0 1 3 0.99 3.99 4.99 0.98 0.98 3.99 0.99 5 2 1 0 0 0 0 0 0 0 0 0 0 0 0 0 0 0 0 0 0 
0 0 0 0 0 1 1 1 2 2 1 1 0 0 0 0 0 0 0 0 0 0 0 0 0 0 0 0 0 0 0 0 0 
