0 0 0 0 0 0 0 0 0 0 0 0 0 0 0 0 0 0 0 0 0 0 0 0 0 0 0 0 0 0 0 0 0 0 0 0 0 0 0 0 0 0 0 0 0 0 0 0 0 0 0 0 0 0 0 0 0 0 0 0 0 0 0 0 0 0 0 0 0 0 0 0 0 0 0 0 0 0 0 0 0 0 
0 3.18825 0.814236 2.18768 1.99689 0.278574 2.37993 3.26059 2.78001 2.64385 0.821233 1.17107 1.7297 2.41849 4.45389 2.9833 1.55764 3.6675 0.687423 1.94274 0.936381 3.36383 4.92585 4.28502 4.51606 0.0989488 2.3834 2.01289 4.69291 0.112632 4.20613 3.28157 4.04355 2.25014 0.422189 0.788451 4.86639 3.57847 1.85324 2.11001 1.30232 1.63343 3.31881 1.77202 2.38329 1.44501 3.91241 2.53087 1.65625 1.70665 3.84349 2.03821 0.233831 1.5713 1.93957 0.592816 1.75956 3.24012 4.30567 4.07267 0.21684 0.44383 0.88886 4.7778 3.15557 2.63112 2.92623 1.98525 4.99706 3.99942 2.99989 0.99998 2 0 0 0 0 0 0 0 0 0 
0 0.814236 1.96835 0.889091 1.87712 1.15226 1.55249 4.72279 1.18508 2.99078 1.10171 0.814873 3.12838 3.22299 1.71398 1.29761 4.50395 2.26181 1.82002 3.19334 2.34932 1.49143 3.64813 3.49075 4.09972 4.8003 3.46562 0.111218 3.30391 3.48943 1.09611 0.716906 1.93207 4.05806 3.65521 4.46804 2.44258 4.10222 3.00654 4.12055 1.93424 4.03974 3.98571 0.371684 4.74519 4.45153 2.11169 2.0358 2.73486 3.24929 3.89625 3.88959 3.72968 4.74477 0.0126816 2.77508 2.44642 0.422682 3.21429 0.793423 0.629721 2.22034 3.22299 4.8004 4.39125 3.20449 2.02615 4.80229 4.95988 4.99187 3.99836 0.99967 2.99994 0.99999 1 0 0 0 0 0 0 0 
0 2.18768 0.889091 4.42947 2.02222 3.34275 1.16803 3.49673 2.39493 4.04812 1.61674 1.66392 3.8342 3.47913 0.582136 2.1411 3.91799 3.61002 4.48379 1.79976 1.46606 4.84665 2.38469 2.42283 2.91794 3.40181 0.373593 0.0240556 2.56455 0.681974 2.94747 2.77232 2.13416 2.17919 1.3203 4.57349 2.58787 3.88682 0.00989143 1.03943 3.60486 0.841866 3.88677 4.74881 2.22476 4.19772 1.16832 4.99618 0.685799 4.29223 0.80834 2.53676 3.30818 0.353515 3.93636 4.77053 4.83497 4.10674 2.00907 0.576676 3.61005 1.80096 2.812 1.32397 4.54336 3.34964 4.47518 1.6555 1.72308 4.943 3.98828 4.9976 0.99951 4.99991 3.99999 1 0 0 0 0 0 0 
0 1.99689 1.87712 2.02222 3.67542 1.03649 2.52826 2.53866 2.36186 0.458773 0.327884 0.461318 4.34678 1.1335 2.26015 3.80904 1.245 3.21777 1.20744 0.694494 3.95654 4.29592 3.02905 2.64636 0.806577 1.15607 4.80066 1.96797 4.48553 0.287425 2.36297 1.50631 2.33891 3.12223 1.00598 0.581782 4.36753 4.98719 1.52689 4.72414 2.75558 1.53523 1.11769 2.97349 4.93569 0.999691 0.175106 2.23208 1.98426 2.85037 0.685578 1.44613 4.12992 1.87865 2.76305 2.67361 0.00272144 1.1732 2.81601 2.99755 2.01909 1.5105 0.695241 1.41029 4.79209 0.62863 4.42083 0.81528 2.70768 1.73014 2.94369 0.98826 2.99756 2.9995 0.9999 4.99999 1 0 0 0 0 0 
0 0.278574 1.15226 3.34275 1.03649 2.87454 4.12329 4.86003 1.98409 2.25137 1.22576 2.33854 3.08653 2.87283 1.4421 0.918472 4.74293 4.5173 0.21469 4.35163 2.0561 3.29162 1.5959 2.28714 0.7233 3.84914 1.56874 1.80301 4.25206 2.98781 3.05233 3.58172 1.26403 0.839514 3.48977 3.17625 4.29834 1.20788 2.02476 3.28838 1.63965 4.77049 1.62291 0.503664 3.60214 0.350986 2.81047 2.34361 0.534233 0.208311 1.88815 3.55718 2.46353 1.33607 0.129605 0.374267 3.42394 3.37303 1.96333 3.28156 1.65746 1.10235 0.859421 4.47522 2.05799 2.33829 0.95203 2.35351 1.41225 0.02848 2.79444 4.95655 3.99083 1.99807 2.9996 0.99992 2.99999 1 0 0 0 0 
0 2.37993 1.55249 1.16803 2.52826 4.12329 2.14004 1.47863 4.46129 2.47919 2.88368 0.240026 2.21178 0.882562 3.82067 4.88538 3.28857 4.71599 2.16029 1.68593 0.762218 0.868253 3.95649 3.31847 4.32792 4.09542 3.46656 2.97794 2.31862 4.94054 3.88072 3.24768 3.5214 1.58189 4.65114 2.37747 0.900373 4.71852 1.37771 0.82159 0.343302 0.688893 1.32563 4.33168 0.541027 3.78439 3.03058 0.88146 1.69773 2.23532 1.5709 2.42123 2.81011 4.66919 2.71644 0.651838 0.377825 3.59374 0.865227 0.357934 2.22829 3.28491 0.892605 2.53057 1.53002 2.37632 4.26625 2.52408 3.7873 4.16317 3.39153 1.86962 4.9721 2.99404 0.99873 4.99974 1.99995 5 0 0 0 0 
0 3.26059 4.72279 3.49673 2.53866 4.86003 1.47863 3.2444 0.505345 2.21934 0.0846582 0.594502 1.22768 4.30476 3.06825 0.735195 0.82861 3.76871 1.14224 2.78815 2.77433 4.17247 2.11648 0.70362 1.12992 2.82283 0.195782 2.02681 4.83947 4.75173 1.72387 0.476985 3.1514 1.95129 4.64093 3.65087 2.4909 4.04742 4.46849 2.31752 4.47134 3.08908 0.968865 0.656116 0.732026 2.68662 4.22383 0.811563 3.74625 2.55922 0.397667 3.86355 2.96001 1.82795 4.89882 1.6481 1.21111 3.22296 1.46036 2.07815 2.84905 4.90812 3.14916 2.06515 2.34734 3.55093 0.76479 0.45807 0.84914 2.00248 2.47881 1.66969 0.92836 4.98449 2.99665 0.99928 1.99985 4.99998 2 0 0 0 
0 2.78001 1.18508 2.39493 2.36186 1.98409 4.46129 0.505345 3.56051 3.98408 1.17762 4.98429 3.92962 2.5748 1.43642 2.11835 1.16758 1.45487 0.0738877 4.53632 0.667351 4.82452 0.955815 3.64514 1.55667 2.78121 2.71713 3.95271 0.838301 3.61489 0.68095 4.86406 0.259411 4.89412 4.53968 2.20232 3.28196 4.22906 0.118383 2.80841 1.7965 2.3219 2.82287 0.317357 1.63007 4.06877 4.1084 1.67791 1.79712 3.69109 0.488152 4.39497 3.2454 2.71124 3.39011 3.88122 0.780051 3.7163 1.35888 2.01333 2.35529 0.585432 3.29129 2.126 4.75128 4.67301 3.89035 0.2703 3.02403 4.00534 1.69684 1.27331 2.84034 1.96497 2.99233 3.99833 1.99964 2.99993 1.99999 1 0 0 
0 2.64385 2.99078 4.04812 0.458773 2.25137 2.47919 2.21934 3.98408 2.50704 0.529777 1.10215 3.15257 0.679601 4.69823 0.657365 2.87421 0.326849 4.47919 3.3074 1.09787 1.55152 3.67525 4.0229 2.57597 3.90515 3.61769 0.928998 2.55177 2.17852 1.28657 1.90015 3.54742 1.18693 1.59653 4.61369 0.613032 3.58772 1.2728 4.02282 2.0015 4.15004 4.70764 3.76556 1.4607 2.56784 3.55235 0.74144 2.21207 4.66216 1.16044 4.3769 1.67339 3.86307 3.55474 0.301551 0.23632 4.30678 4.09718 0.123957 1.39097 3.72107 2.97645 2.66625 3.38398 3.23401 0.22995 0.70119 0.5453 2.51019 0.64142 0.58295 0.68466 1.92993 3.98446 0.99656 4.99925 1.99984 1.99997 3 0 0 
0 0.821233 1.10171 1.61674 0.327884 1.22576 2.88368 0.0846582 1.17762 0.529777 4.17566 0.697994 1.13519 4.13368 3.98795 2.82414 1.56476 1.72722 3.23984 4.10548 0.698806 1.90996 2.84849 4.69817 3.51465 4.38818 1.27745 1.83125 0.754137 4.69892 0.87505 1.1183 3.76225 4.81619 1.94364 0.492112 3.30783 1.20923 3.31159 3.79457 1.88594 2.21504 0.941653 0.586261 4.48294 1.47198 4.20071 3.27515 1.59209 3.10702 1.77774 0.797395 2.16527 3.37805 4.57496 0.709661 2.92211 4.84045 4.32671 0.451916 4.14018 3.95169 3.25632 1.68781 2.77512 2.4385 0.14204 3.17055 4.74361 1.25086 0.97848 4.5123 3.4394 1.87387 1.97167 1.99365 4.99859 1.99969 3.99994 0.99999 1 0 
0 1.17107 0.814873 1.66392 0.461318 2.33854 0.240026 0.594502 4.98429 1.10215 0.697994 3.44805 1.94829 3.50073 3.30549 1.06045 4.4792 1.05232 2.71177 4.53668 3.77153 2.40611 4.386 3.68126 1.53399 3.03032 2.22495 2.01174 0.380402 2.21381 4.25094 4.28641 4.31639 4.22074 2.56987 4.79817 3.17257 3.41245 4.23948 3.38951 2.74158 3.02244 4.12401 1.03143 1.52654 0.836681 0.288223 0.703744 4.33492 2.49682 0.18722 0.325341 0.0643255 0.773569 2.25715 1.83392 0.337035 2.26199 0.621222 3.02737 3.70974 2.26351 1.66438 1.08316 2.40636 3.42325 3.72559 3.78212 0.50581 1.95149 0.58603 3.01968 1.09182 0.79314 3.95297 2.98933 2.99759 1.99946 4.99989 1.99998 2 0 
0 1.7297 3.12838 3.8342 4.34678 3.08653 2.21178 1.22768 3.92962 3.15257 1.13519 1.94829 2.61049 4.75556 3.80502 1.9086 1.94257 0.800496 4.81275 0.742472 3.6284 2.97857 3.61737 0.570153 0.116321 3.39336 2.40958 4.89348 2.54354 1.0798 0.782282 3.4397 3.63525 0.65166 2.04928 4.28044 1.81357 2.47991 3.10723 2.32933 0.833183 3.35575 4.42351 3.33682 1.14509 1.67888 4.06063 4.51883 2.76024 3.02132 0.172603 4.71726 3.34242 1.62168 4.08003 4.46828 2.28543 2.98035 4.77598 3.53665 2.61929 2.95713 0.832328 2.32727 0.462496 1.65116 1.69266 2.899 3.88191 0.7669 1.67064 2.13808 3.64599 1.68783 4.92817 4.98351 4.99623 0.99914 1.99981 0.99996 4 0 
0 2.41849 3.22299 3.47913 1.1335 2.87283 0.882562 4.30476 2.5748 0.679601 4.13368 3.50073 4.75556 3.64161 0.414274 3.64077 3.94821 4.16921 1.99206 1.22047 1.56956 3.10694 0.487859 3.24657 2.19111 2.22502 1.85665 4.47313 4.74875 2.37141 4.24768 1.98366 0.351558 2.80338 4.35858 4.9151 2.81839 1.33334 3.50548 2.69639 2.36112 4.57331 3.72272 1.78047 4.85622 3.43205 4.1156 3.42592 0.851939 1.02832 0.494051 2.99333 3.21172 2.47682 0.765866 1.43551 2.09289 4.44595 3.71792 4.79486 1.78356 3.56404 4.02425 1.92813 3.47283 3.91855 3.94446 4.17395 0.01241 3.35616 0.80543 0.98872 2.12695 1.56296 1.89823 0.97635 1.99452 3.99874 4.99972 1.99994 0.99999 1 
0 4.45389 1.71398 0.582136 2.26015 1.4421 3.82067 3.06825 1.43642 4.69823 3.98795 3.30549 3.80502 0.414274 4.84583 4.49867 0.707233 1.78481 4.71042 2.97254 2.24259 1.15435 1.37374 4.77005 2.57297 4.22579 1.77906 4.40904 1.32793 2.51946 1.35247 4.87014 0.339193 1.40524 1.36174 3.69402 4.20931 3.04971 3.45605 4.70517 3.27244 0.13815 4.02776 0.619362 4.30863 0.851328 4.87809 3.8421 0.593217 4.2479 0.407106 1.3627 4.97834 4.34034 3.80989 4.69055 4.08838 3.78109 3.7035 4.40321 1.75832 3.65189 2.0416 4.90676 1.13744 1.72225 2.96 4.83318 4.17065 2.50573 0.86232 0.77023 4.57945 3.42849 2.86535 4.96835 2.99258 2.99827 0.9996 0.99991 4.99999 1 
0 2.9833 1.29761 2.1411 3.80904 0.918472 4.88538 0.735195 2.11835 0.657365 2.82414 1.06045 1.9086 3.64077 4.49867 4.31906 0.184694 1.09304 2.96226 0.781175 4.59205 0.181615 2.49942 3.04121 1.4081 0.670093 4.58954 4.24665 3.03813 0.840773 3.7157 2.55398 0.805253 2.55522 1.76676 4.67244 1.74313 1.50094 1.82903 0.198959 1.48068 1.10042 2.84447 0.0633284 2.8144 3.47595 1.94834 3.94978 1.55368 3.32395 0.907664 2.29354 0.377785 3.5433 2.95584 4.06358 2.5202 2.63591 0.668433 4.19985 1.65058 2.11001 4.30152 0.118411 1.15884 1.09996 4.64208 3.10235 3.45637 2.39285 1.85114 0.7243 2.06076 4.29786 3.83265 4.96021 0.99056 1.99777 2.99948 0.99988 2.99998 2 
0 1.55764 4.50395 3.91799 1.245 4.74293 3.28857 0.82861 1.16758 2.87421 1.56476 4.4792 1.94257 3.94821 0.707233 0.184694 4.79795 3.8661 3.34458 4.49454 1.64137 2.79647 1.48617 2.22791 2.53909 1.35225 4.03784 4.26646 2.72635 3.40268 1.69176 0.916522 2.73622 0.867734 4.80326 3.86087 4.01078 0.508679 3.31663 3.88318 1.27434 0.633403 2.76243 4.54173 3.33777 1.37382 0.204507 2.95474 1.17201 0.221966 3.01934 3.46473 1.35251 4.76717 4.22423 2.45316 3.20359 4.7571 4.95745 0.560909 4.43986 1.55935 1.55624 0.66711 2.49316 3.44897 3.0503 2.43841 3.18089 0.71522 1.71339 2.08757 3.62968 0.18551 3.80364 4.95278 0.98867 0.99729 2.99936 0.99985 1.99997 3 
0 3.6675 2.26181 3.61002 3.21777 4.5173 4.71599 3.76871 1.45487 0.326849 1.72722 1.05232 0.800496 4.16921 1.78481 1.09304 3.8661 2.54574 3.5393 2.60654 2.9125 0.406284 4.91065 0.722148 1.77027 4.23945 3.51339 0.841127 1.00568 2.75601 1.0347 4.01151 3.20447 2.87577 2.72577 4.80448 2.61054 2.61013 0.60087 0.74609 2.3964 2.89874 4.5617 0.930526 4.71696 0.337242 4.0959 1.87786 2.55061 3.01114 3.08699 1.59397 3.37613 2.76412 3.17424 0.829064 1.64098 0.223435 2.11662 1.87162 3.84741 3.80819 2.33505 2.87926 1.79586 2.57931 1.55841 2.00744 2.03967 3.95148 2.1331 3.04417 1.33478 0.10406 4.78155 1.94687 0.98711 4.99689 4.99926 3.99983 4.99997 3 
0 0.687423 1.82002 4.48379 1.20744 0.21469 2.16029 1.14224 0.0738877 4.47919 3.23984 2.71177 4.81275 1.99206 4.71042 2.96226 3.34458 3.5393 3.99893 0.562673 0.318982 0.411599 0.102488 3.12354 1.3978 4.94491 4.81664 0.485285 0.822769 1.44964 2.9145 3.75022 4.03067 1.68275 3.67186 4.40328 3.2146 1.11841 0.531736 4.80064 1.34584 1.49736 1.66647 4.95108 3.12219 4.87801 3.26617 0.981835 0.622621 2.10607 4.31184 2.6608 1.32848 4.53558 2.10466 4.06209 1.18322 1.04822 3.85736 3.29714 0.735037 0.55518 1.55981 3.4199 2.53386 0.546843 0.852391 0.97985 4.80589 0.95197 1.41714 3.6923 3.20543 0.0619 4.7687 2.94312 1.98605 0.99659 4.99918 3.99981 1.99996 4 
0 1.94274 3.19334 1.79976 0.694494 4.35163 1.68593 2.78815 4.53632 3.3074 4.10548 4.53668 0.742472 1.22047 2.97254 0.781175 4.49454 2.60654 0.562673 4.30837 3.63253 4.10428 1.79858 2.80359 3.20725 4.34098 4.11222 2.93855 3.02575 0.0730698 4.15385 1.44544 0.401607 3.51305 2.75848 1.37132 4.54859 2.14156 1.52851 2.12983 2.25059 0.387244 1.79765 0.384613 1.33922 0.810413 4.2998 4.99088 1.68558 0.26619 1.36591 0.45644 0.621517 4.20689 2.29565 3.22899 1.88038 4.05528 0.0620205 4.07466 4.18377 3.84149 4.33532 4.86849 1.7221 3.96696 4.59278 3.72189 3.70743 3.93236 0.47002 3.0325 3.2476 4.06191 3.76613 4.94186 3.98559 1.99644 2.99913 0.99979 4.99996 4 
0 0.936381 2.34932 1.46606 3.95654 2.0561 0.762218 2.77433 0.667351 1.09787 0.698806 3.77153 3.6284 1.56956 2.24259 4.59205 1.64137 2.9125 0.318982 3.63253 3.22116 3.10151 1.18703 3.34319 0.942593 0.783715 2.18451 0.985326 4.96493 0.105771 2.42291 0.982122 1.20791 0.627104 4.18406 3.24106 4.91805 0.893554 1.25993 4.42715 3.71533 4.00297 3.27762 2.3038 2.54275 1.26647 0.44984 0.391813 0.0929777 4.60378 4.57861 0.607501 1.104 2.41818 3.57705 3.64022 4.02324 4.20984 1.3897 4.36016 1.44633 0.023878 2.67613 2.97326 2.52027 2.39632 2.82338 1.91564 3.12631 1.81217 0.85655 0.97784 2.4451 3.10141 0.77351 2.94308 2.98574 1.99644 2.99912 3.99979 4.99996 4 
0 3.36383 1.49143 4.84665 4.29592 3.29162 0.868253 4.17247 4.82452 1.55152 1.90996 2.40611 2.97857 3.10694 1.15435 0.181615 2.79647 0.406284 0.411599 4.10428 3.10151 3.8692 2.33776 4.85446 4.5498 1.46311 0.907022 4.41669 0.865066 4.04279 0.97562 1.17797 2.12493 3.84109 1.59777 1.45655 3.54053 2.04291 2.58673 4.23934 1.05612 0.882332 0.251001 1.48586 3.97496 3.3924 3.68226 3.57576 0.770995 1.94275 3.20048 4.76885 0.0156771 3.55945 0.579675 0.693388 2.2885 0.749509 0.94451 2.42079 4.07198 1.71207 3.21708 2.23882 0.0682064 2.17596 0.42159 1.67311 2.96136 1.75509 1.92243 0.38008 3.76505 3.1733 3.78937 4.9465 0.98645 0.99658 4.99915 0.99979 4.99996 4 
0 4.92585 3.64813 2.38469 3.02905 1.5959 3.95649 2.11648 0.955815 3.67525 2.84849 4.386 3.61737 0.487859 1.37374 2.49942 1.48617 4.91065 0.102488 1.79858 1.18703 2.33776 2.95838 0.692238 0.192665 4.51496 1.05171 2.34547 2.79186 0.529899 2.43998 2.56257 0.644674 1.98388 2.61115 3.87416 0.590826 2.73678 4.75423 2.93204 2.83239 1.51237 1.41083 0.563176 0.966647 1.63977 1.55459 3.10998 3.19386 4.90089 0.792159 4.38661 0.836849 3.84191 1.61799 0.278819 1.36793 4.74251 2.01047 0.772234 2.60482 1.24958 0.0384426 4.20462 0.107675 0.923961 4.68691 2.8767 2.96885 4.74512 2.9336 1.06276 1.16557 2.26778 4.81144 0.95159 0.98761 0.99684 0.9992 0.9998 3.99996 4 
0 4.28502 3.49075 2.42283 2.64636 2.28714 3.31847 0.70362 3.64514 4.0229 4.69817 3.68126 0.570153 3.24657 4.77005 3.04121 2.22791 0.722148 3.12354 2.80359 3.34319 4.85446 0.692238 3.76631 2.74805 0.845182 1.33254 0.316054 4.55173 0.796194 1.43246 4.69056 4.59221 0.146232 1.72111 0.798269 2.15832 0.282297 3.78111 0.352489 2.19454 4.69208 0.90578 1.86183 4.67592 0.00717444 2.68392 2.63631 3.57321 0.646836 1.62029 2.88296 3.48217 2.15478 1.10253 2.2977 0.252839 2.39079 1.84441 4.89774 0.862804 2.65195 2.21299 3.80834 2.77879 3.39312 1.63008 0.90511 0.57579 2.06445 0.19968 1.85251 4.60363 3.37429 1.83715 0.95775 3.98908 2.99719 0.99928 1.99982 1.99996 4 
0 4.51606 4.09972 2.91794 0.806577 0.7233 4.32792 1.12992 1.55667 2.57597 3.51465 1.53399 0.116321 2.19111 2.57297 1.4081 2.53909 1.77027 1.3978 3.20725 0.942593 4.5498 0.192665 2.74805 3.27363 0.432433 1.94934 0.270934 2.31682 4.31503 1.27017 1.87203 2.37258 4.57044 4.49826 3.42294 2.17083 1.97465 1.08219 1.21828 3.96806 4.44993 1.61172 0.753219 3.47172 0.376114 1.67235 0.56282 3.0949 0.276155 0.52688 1.02214 0.494441 3.00951 0.162066 2.43986 0.0426577 4.90214 1.82888 3.99506 4.6138 0.347491 2.26592 0.35059 1.57214 1.43282 1.42335 2.0686 0.92966 4.59904 0.1598 1.60248 2.04123 2.48311 3.86406 3.96437 4.9907 0.99758 3.99938 4.99985 3.99997 3 
0 0.0989488 4.8003 3.40181 1.15607 3.84914 4.09542 2.82283 2.78121 3.90515 4.38818 3.03032 3.39336 2.22502 4.22579 0.670093 1.35225 4.23945 4.94491 4.34098 0.783715 1.46311 4.51496 0.845182 0.432433 3.89269 0.790919 0.685753 0.182704 1.68413 0.733244 0.327538 7.20299e-05 1.35548 4.51227 4.71996 3.10301 4.89377 2.4867 2.48924 0.278922 1.2956 0.517971 3.12362 2.58173 4.69755 1.52465 1.05005 0.402752 2.64711 4.48547 0.0690438 2.19618 1.64589 2.06526 0.668651 4.73528 3.34398 4.57144 1.55056 1.36871 3.50928 4.73903 2.00187 4.82085 2.4799 2.18864 2.05363 0.19725 0.95942 1.42389 2.20529 1.44931 2.58649 4.89012 0.9709 4.99233 3.99799 2.99948 1.99987 0.99997 3 
0 2.3834 3.46562 0.373593 4.80066 1.56874 3.46656 0.195782 2.71713 3.61769 1.27745 2.22495 2.40958 1.85665 1.77906 4.58954 4.03784 3.51339 4.81664 4.11222 2.18451 0.907022 1.05171 1.33254 1.94934 0.790919 0.590261 4.02152 1.61665 3.89583 3.57256 0.94979 3.61229 1.47732 2.09949 4.53314 3.96185 3.52623 0.391623 3.36811 0.208655 3.40741 4.74647 2.39497 2.02051 3.21569 4.54523 0.786225 0.767303 4.75426 3.35295 4.5258 2.97585 4.38588 3.68852 1.2634 2.09317 1.78235 0.917112 0.150133 4.22221 3.5232 0.404622 3.14852 1.86853 0.69045 1.18157 2.24863 4.28962 1.44993 1.7748 1.59603 4.80908 2.67912 0.91385 4.97696 0.99386 4.99838 3.99958 4.9999 2.99998 2 
0 2.01289 0.111218 0.0240556 1.96797 1.80301 2.97794 2.02681 3.95271 0.928998 1.83125 2.01174 4.89348 4.47313 4.40904 4.24665 4.26646 0.841127 0.485285 2.93855 0.985326 4.41669 2.34547 0.316054 0.270934 0.685753 4.02152 2.69091 2.04927 4.27784 1.14216 4.93931 2.66954 2.51615 1.00612 3.20323 1.55686 0.903742 0.785368 3.45229 1.63296 3.38516 2.16695 0.620512 4.27246 3.34737 2.9055 0.488244 3.22017 2.50069 1.56841 4.64468 4.41649 0.849529 4.92232 2.53615 3.91654 0.356374 2.02722 2.08088 1.05352 2.9493 4.50802 3.9122 3.00726 1.95392 3.63113 2.97708 4.25366 2.94081 2.14315 3.74785 1.11139 3.75811 3.9344 3.98228 0.99523 3.99873 3.99967 2.99992 4.99999 1 
0 4.69291 3.30391 2.56455 4.48553 4.25206 2.31862 4.83947 0.838301 2.55177 0.754137 0.380402 2.54354 4.74875 1.32793 3.03813 2.72635 1.00568 0.822769 3.02575 4.96493 0.865066 2.79186 4.55173 2.31682 0.182704 1.61665 2.04927 3.90133 3.95116 1.6462 1.89487 3.97124 4.98197 0.268612 2.08605 0.995911 3.3767 0.378065 2.91065 0.00300007 2.08061 3.01841 1.6765 2.29739 1.92604 1.34643 2.5365 3.74847 4.97633 3.74691 0.105889 0.0980783 1.86912 2.075 2.05584 1.77734 1.94318 1.69301 3.78363 0.331748 1.29586 0.576148 0.0169219 1.03891 2.40826 4.61063 2.51832 3.55462 1.69915 1.56848 4.66328 2.35494 4.82262 2.95141 0.98674 2.9964 1.99903 4.99975 2.99994 1.99999 1 
0 0.112632 3.48943 0.681974 0.287425 2.98781 4.94054 4.75173 3.61489 2.17852 4.69892 2.21381 1.0798 2.37141 2.51946 0.840773 3.40268 2.75601 1.44964 0.0730698 0.105771 4.04279 0.529899 0.796194 4.31503 1.68413 3.89583 4.27784 3.95116 3.45938 3.56535 2.95438 3.43666 0.705219 1.64804 3.53061 0.210402 1.56818 1.58849 4.68908 4.17063 2.5935 3.32014 1.01452 0.945305 4.25151 3.91985 3.39583 3.977 0.952363 3.48459 4.51296 4.38215 2.63186 2.32222 1.49037 4.88913 2.83934 1.98071 2.41335 3.63398 0.290902 0.0374653 1.08754 1.64744 1.41751 0.00745003 3.50568 1.41221 3.22232 4.15818 2.3643 0.54385 2.8733 3.96495 0.99034 0.99735 1.99928 1.99981 4.99996 5 0 
0 4.20613 1.09611 2.94747 2.36297 3.05233 3.88072 1.72387 0.68095 1.28657 0.87505 4.25094 0.782282 4.24768 1.35247 3.7157 1.69176 1.0347 2.9145 4.15385 2.42291 0.97562 2.43998 1.43246 1.27017 0.733244 3.57256 1.14216 1.6462 3.56535 3.90548 3.78524 4.6491 3.95736 1.65037 2.67106 3.24954 2.60406 4.82858 3.1691 3.5217 3.89464 3.09198 0.64574 1.08824 0.149644 0.629841 3.58359 2.68452 2.9883 4.98737 0.97334 3.86179 1.0928 0.98665 0.382341 3.24115 1.54832 1.82663 2.32429 2.4639 4.9064 1.15268 3.09616 4.16278 4.12015 4.42671 0.98682 3.27991 3.10048 0.05174 4.88322 2.68542 2.91175 4.97535 0.99314 0.9981 1.99948 0.99986 2.99997 3 0 
0 3.28157 0.716906 2.77232 1.50631 3.58172 3.24768 0.476985 4.86406 1.90015 1.1183 4.28641 3.4397 1.98366 4.87014 2.55398 0.916522 4.01151 3.75022 1.44544 0.982122 1.17797 2.56257 4.69056 1.87203 0.327538 0.94979 4.93931 1.89487 2.95438 3.78524 1.55669 1.06716 4.21941 4.51825 1.07886 1.11186 3.80159 2.52843 2.1768 0.821403 3.59554 1.94165 1.70327 4.26836 4.10448 3.2187 2.39774 4.82068 2.44398 4.12225 4.23057 0.130596 3.24824 1.28878 0.442689 3.55554 0.970231 3.49362 1.0457 0.812785 0.677096 3.46539 0.741821 3.98964 1.42452 2.971 4.19179 3.49441 1.919 3.39416 1.25548 4.78819 0.93999 0.98307 3.99525 4.99868 3.99964 4.99991 1.99998 2 0 
0 4.04355 1.93207 2.13416 2.33891 1.26403 3.5214 3.1514 0.259411 3.54742 3.76225 4.31639 3.63525 0.351558 0.339193 0.805253 2.73622 3.20447 4.03067 0.401607 1.20791 2.12493 0.644674 4.59221 2.37258 7.20299e-05 3.61229 2.66954 3.97124 3.43666 4.6491 1.06716 3.61664 1.37274 4.19134 3.79305 1.32733 2.81773 0.464656 3.92465 4.20445 0.349794 1.03034 1.89767 3.89443 4.93934 3.74695 3.89831 1.49873 2.07943 2.6113 1.19137 0.722394 0.371496 4.09514 0.921852 4.30205 4.16572 3.021 2.12755 4.6331 0.657691 3.48364 1.4628 4.29578 0.74563 0.34379 3.90726 3.08038 1.19989 3.31882 4.51487 3.86062 3.96013 4.98865 4.99679 2.9991 0.99975 3.99994 2.99999 1 0 
0 2.25014 4.05806 2.17919 3.12223 0.839514 1.58189 1.95129 4.89412 1.18693 4.81619 4.22074 0.65166 2.80338 1.40524 2.55522 0.867734 2.87577 1.68275 3.51305 0.627104 3.84109 1.98388 0.146232 4.57044 1.35548 1.47732 2.51615 4.98197 0.705219 3.95736 4.21941 1.37274 2.35895 2.94484 2.64813 0.484378 4.32216 4.06564 2.30365 4.4256 2.45732 3.54352 3.69761 2.17168 0.190193 0.775367 4.84994 1.12127 3.27545 4.03668 4.71624 0.967241 1.87001 0.866506 4.17514 0.539578 2.41227 3.91869 3.1985 2.73318 3.39068 1.20917 2.1448 3.49126 0.44832 3.55871 1.29328 1.67476 1.37494 2.93876 1.69073 4.91028 3.97409 0.99255 0.99787 2.9994 4.99984 1.99996 5 0 0 
0 0.422189 3.65521 1.3203 1.00598 3.48977 4.65114 4.64093 4.53968 1.59653 1.94364 2.56987 2.04928 4.35858 1.36174 1.76676 4.80326 2.72577 3.67186 2.75848 4.18406 1.59777 2.61115 1.72111 4.49826 4.51227 2.09949 1.00612 0.268612 1.64804 1.65037 4.51825 4.19134 2.94484 3.7202 3.55136 2.59882 3.51322 0.309521 1.19874 2.18759 3.48563 4.81613 4.21616 4.35033 2.38657 2.21093 0.359797 3.42051 0.396733 4.60266 2.04083 4.49353 3.78622 1.28242 4.56655 3.24506 4.95044 3.864 4.0684 0.164861 1.17452 4.69629 1.57421 0.41492 4.37321 4.58656 0.97602 4.53018 0.78103 0.34396 0.80694 2.94345 0.98351 3.99522 0.99862 2.99961 4.9999 3.99998 2 0 0 
0 0.788451 4.46804 4.57349 0.581782 3.17625 2.37747 3.65087 2.20232 4.61369 0.492112 4.79817 4.28044 4.9151 3.69402 4.67244 3.86087 4.80448 4.40328 1.37132 3.24106 1.45655 3.87416 0.798269 3.42294 4.71996 4.53314 3.20323 2.08605 3.53061 2.67106 1.07886 3.79305 2.64813 3.55136 1.6819 0.0663314 3.26863 4.96762 1.8854 4.34014 2.15255 3.54565 4.40973 4.1544 1.92809 4.40334 3.86776 2.55599 4.2234 1.5144 4.75782 3.02947 1.9752 1.60605 1.71998 2.09484 3.71322 2.23432 0.8155 0.307972 0.131561 4.5765 3.03353 4.29074 0.53311 4.42404 4.28005 2.56206 4.66863 0.60252 3.8819 4.96508 0.98972 0.99699 3.99913 0.99975 4.99994 2.99999 1 0 0 
0 4.86639 2.44258 2.58787 4.36753 4.29834 0.900373 2.4909 3.28196 0.613032 3.30783 3.17257 1.81357 2.81839 4.20931 1.74313 4.01078 2.61054 3.2146 4.54859 4.91805 3.54053 0.590826 2.15832 2.17083 3.10301 3.96185 1.55686 0.995911 0.210402 3.24954 1.11186 1.32733 0.484378 2.59882 0.0663314 2.07806 3.07691 3.16889 4.00413 1.06443 2.34081 3.06165 3.15339 1.59628 1.69305 3.80159 3.00448 2.7713 3.26763 3.0934 0.0373963 0.927173 4.09252 2.51074 1.57759 2.94117 4.15303 3.26568 3.80487 3.08268 4.26189 0.57367 2.72332 2.4034 3.78749 4.24237 4.50451 0.41332 4.2164 2.76379 0.92914 2.97885 2.99372 3.99815 1.99946 3.99985 0.99996 5 0 0 0 
0 3.57847 4.10222 3.88682 4.98719 1.20788 4.71852 4.04742 4.22906 3.58772 1.20923 3.41245 2.47991 1.33334 3.04971 1.50094 0.508679 2.61013 1.11841 2.14156 0.893554 2.04291 2.73678 0.282297 1.97465 4.89377 3.52623 0.903742 3.3767 1.56818 2.60406 3.80159 2.81773 4.32216 3.51322 3.26863 3.07691 2.23068 1.16551 3.43862 4.71526 3.47894 1.45143 4.15946 2.30965 4.10638 0.1363 0.974882 4.36966 3.24762 0.0169037 1.82406 4.01684 0.335654 0.866386 4.85452 4.79357 3.92066 1.74118 2.60772 3.76981 4.4165 3.80127 0.70594 0.62219 1.88204 3.42492 2.1859 1.51985 4.54726 4.86222 3.95828 1.98743 4.99624 0.99888 0.99967 2.99991 2.99998 2 0 0 0 
0 1.85324 3.00654 0.00989143 1.52689 2.02476 1.37771 4.46849 0.118383 1.2728 3.31159 4.23948 3.10723 3.50548 3.45605 1.82903 3.31663 0.60087 0.531736 1.52851 1.25993 2.58673 4.75423 3.78111 1.08219 2.4867 0.391623 0.785368 0.378065 1.58849 4.82858 2.52843 0.464656 4.06564 0.309521 4.96762 3.16889 1.16551 3.99078 4.36522 0.376208 2.22455 3.1242 4.20212 0.787194 2.08558 4.52731 3.17958 1.23999 4.58658 4.14098 4.99627 1.33578 3.94407 4.46334 3.47697 1.66369 1.38504 0.979667 4.76807 1.32404 4.75344 3.91266 1.92427 2.30947 1.63836 3.41268 4.31973 1.16792 1.74304 3.92106 0.97587 4.99267 3.99779 2.99934 3.99981 2.99995 1.99999 1 0 0 0 
0 2.11001 4.12055 1.03943 4.72414 3.28838 0.82159 2.31752 2.80841 4.02282 3.79457 3.38951 2.32933 2.69639 4.70517 0.198959 3.88318 0.74609 4.80064 2.12983 4.42715 4.23934 2.93204 0.352489 1.21828 2.48924 3.36811 3.45229 2.91065 4.68908 3.1691 2.1768 3.92465 2.30365 1.19874 1.8854 4.00413 3.43862 4.36522 2.17202 1.01646 3.48893 4.63842 2.46009 1.56122 4.48934 4.60939 1.89074 2.57846 0.448038 4.52132 3.42515 0.923049 1.40938 3.36197 4.40794 3.30429 1.9695 1.06704 4.79259 0.0317302 0.35978 0.45538 1.27622 4.91724 0.31115 2.34478 2.53291 1.54017 3.85665 3.95555 2.98629 3.9958 0.99872 3.99962 1.99989 0.99997 4 0 0 0 0 
0 1.30232 1.93424 3.60486 2.75558 1.63965 0.343302 4.47134 1.7965 2.0015 1.88594 2.74158 0.833183 2.36112 3.27244 1.48068 1.27434 2.3964 1.34584 2.25059 3.71533 1.05612 2.83239 2.19454 3.96806 0.278922 0.208655 1.63296 0.00300007 4.17063 3.5217 0.821403 4.20445 4.4256 2.18759 4.34014 1.06443 4.71526 0.376208 1.01646 0.0958713 2.9518 3.03698 2.09752 4.57342 0.978285 3.65184 0.585021 3.70091 3.96309 4.72405 1.89933 4.21287 0.261174 1.94945 4.0445 0.802346 0.867212 0.0248607 3.17621 4.24582 3.12252 1.51604 4.55861 0.89522 0.24129 0.51722 1.21003 4.75005 4.92135 4.97539 1.99234 0.99763 4.99928 4.99979 1.99994 3.99999 1 0 0 0 0 
0 1.63343 4.03974 0.841866 1.53523 4.77049 0.688893 3.08908 2.3219 4.15004 2.21504 3.02244 3.35575 4.57331 0.13815 1.10042 0.633403 2.89874 1.49736 0.387244 4.00297 0.882332 1.51237 4.69208 4.44993 1.2956 3.40741 3.38516 2.08061 2.5935 3.89464 3.59554 0.349794 2.45732 3.48563 2.15255 2.34081 3.47894 2.22455 3.48893 2.9518 1.16194 3.87345 1.43719 1.74081 3.35833 4.04879 3.30981 1.55527 4.96196 2.87419 0.596691 2.93953 0.783061 3.06006 3.47823 4.41411 1.91043 3.6055 4.16258 4.68378 1.56196 4.61584 2.03497 3.58607 4.96549 2.69655 1.58132 2.86628 1.95753 2.98659 1.99579 2.99869 2.9996 0.99988 2.99997 4 0 0 0 0 0 
0 3.31881 3.98571 3.88677 1.11769 1.62291 1.32563 0.968865 2.82287 4.70764 0.941653 4.12401 4.42351 3.72272 4.02776 2.84447 2.76243 4.5617 1.66647 1.79765 3.27762 0.251001 1.41083 0.90578 1.61172 0.517971 4.74647 2.16695 3.01841 3.32014 3.09198 1.94165 1.03034 3.54352 4.81613 3.54565 3.06165 1.45143 3.1242 4.63842 3.03698 3.87345 1.6235 3.51154 2.84694 2.03699 4.40094 2.76523 2.41888 4.6789 0.458819 2.16868 0.968653 2.24837 2.264 2.36037 2.82888 4.5735 3.64462 0.76445 2.09067 0.33087 1.58946 2.92493 3.70222 1.93355 4.32603 4.78148 3.92956 0.97742 3.99281 4.99773 2.99929 0.99978 3.99994 3.99999 1 0 0 0 0 0 
0 1.77202 0.371684 4.74881 2.97349 0.503664 4.33168 0.656116 0.317357 3.76556 0.586261 1.03143 3.33682 1.78047 0.619362 0.0633284 4.54173 0.930526 4.95108 0.384613 2.3038 1.48586 0.563176 1.86183 0.753219 3.12362 2.39497 0.620512 1.6765 1.01452 0.64574 1.70327 1.89767 3.69761 4.21616 4.40973 3.15339 4.15946 4.20212 2.46009 2.09752 1.43719 3.51154 4.32089 0.488351 3.67966 2.73584 3.45246 1.63302 3.03488 3.96311 2.39064 4.97418 3.40458 3.60619 4.4902 1.09799 0.94626 4.72234 4.6988 2.75839 0.61802 3.84156 1.55332 2.85112 1.95694 2.6566 1.88762 1.96344 3.98818 0.9962 1.99879 1.99962 4.99989 1.99997 4 0 0 0 0 0 0 
0 2.38329 4.74519 2.22476 4.93569 3.60214 0.541027 0.732026 1.63007 1.4607 4.48294 1.52654 1.14509 4.85622 4.30863 2.8144 3.33777 4.71696 3.12219 1.33922 2.54275 3.97496 0.966647 4.67592 3.47172 2.58173 2.02051 4.27246 2.29739 0.945305 1.08824 4.26836 3.89443 2.17168 4.35033 4.1544 1.59628 2.30965 0.787194 1.56122 4.57342 1.74081 2.84694 0.488351 1.83978 1.32782 4.47601 2.5059 4.50341 0.957508 1.68679 4.10895 0.535757 0.723907 4.98769 1.93929 4.02304 1.39937 2.82628 0.50569 0.65305 3.0543 0.3792 3.38652 4.44754 1.4809 4.82751 1.94303 2.9813 1.9939 4.99803 2.99937 0.9998 0.99994 3.99999 1 0 0 0 0 0 0 
0 1.44501 4.45153 4.19772 0.999691 0.350986 3.78439 2.68662 4.06877 2.56784 1.47198 0.836681 1.67888 3.43205 0.851328 3.47595 1.37382 0.337242 4.87801 0.810413 1.26647 3.3924 1.63977 0.00717444 0.376114 4.69755 3.21569 3.34737 1.92604 4.25151 0.149644 4.10448 4.93934 0.190193 2.38657 1.92809 1.69305 4.10638 2.08558 4.48934 0.978285 3.35833 2.03699 3.67966 1.32782 3.21438 3.84598 0.356588 4.0442 2.26483 2.62372 1.2119 2.94643 3.28062 3.10731 0.02879 2.41738 3.36586 2.43932 2.98932 3.52859 2.11662 1.49918 2.77715 0.24494 0.74517 1.91454 2.97152 2.99057 2.9969 1.99899 3.99968 1.9999 0.99997 4 0 0 0 0 0 0 0 
0 3.91241 2.11169 1.16832 0.175106 2.81047 3.03058 4.22383 4.1084 3.55235 4.20071 0.288223 4.06063 4.1156 4.87809 1.94834 0.204507 4.0959 3.26617 4.2998 0.44984 3.68226 1.55459 2.68392 1.67235 1.52465 4.54523 2.9055 1.34643 3.91985 0.629841 3.2187 3.74695 0.775367 2.21093 4.40334 3.80159 0.1363 4.52731 4.60939 3.65184 4.04879 4.40094 2.73584 4.47601 3.84598 4.74194 1.55733 4.48246 4.63475 0.235443 4.9393 1.1465 4.94861 1.03455 2.62124 0.41084 3.15647 4.91957 4.58193 2.82216 3.18778 0.9374 3.94292 3.63758 4.87656 4.95823 4.98596 1.99531 3.99845 0.99949 2.99984 0.99995 2.99999 1 0 0 0 0 0 0 0 
0 2.53087 2.0358 4.99618 2.23208 2.34361 0.88146 0.811563 1.67791 0.74144 3.27515 0.703744 4.51883 3.42592 3.8421 3.94978 2.95474 1.87786 0.981835 4.99088 0.391813 3.57576 3.10998 2.63631 0.56282 1.05005 0.786225 0.488244 2.5365 3.39583 3.58359 2.39774 3.89831 4.84994 0.359797 3.86776 3.00448 0.974882 3.17958 1.89074 0.585021 3.30981 2.76523 3.45246 2.5059 0.356588 1.55733 3.55819 3.22757 4.03341 1.5427 0.684153 1.63755 4.34416 0.6858 3.66514 3.01657 1.83511 1.95112 2.70668 4.5058 2.93873 0.57523 4.50364 2.82825 3.94097 4.97985 3.99317 1.9977 4.99924 1.99975 0.99992 2.99998 3 0 0 0 0 0 0 0 0 
0 1.65625 2.73486 0.685799 1.98426 0.534233 1.69773 3.74625 1.79712 2.21207 1.59209 4.33492 2.76024 0.851939 0.593217 1.55368 1.17201 2.55061 0.622621 1.68558 0.0929777 0.770995 3.19386 3.57321 3.0949 0.402752 0.767303 3.22017 3.74847 3.977 2.68452 4.82068 1.49873 1.12127 3.42051 2.55599 2.7713 4.36966 1.23999 2.57846 3.70091 1.55527 2.41888 1.63302 4.50341 4.0442 4.48246 3.22757 3.77879 2.67219 4.64272 4.54288 0.465871 1.77335 0.29611 4.59386 0.12268 1.79178 0.14866 1.5711 4.8154 0.15083 3.34522 3.76978 1.91961 1.97212 2.9904 2.99672 2.99889 1.99963 1.99988 4.99997 5 0 0 0 0 0 0 0 0 0 
0 1.70665 3.24929 4.29223 2.85037 0.208311 2.23532 2.55922 3.69109 4.66216 3.10702 2.49682 3.02132 1.02832 4.2479 3.32395 0.221966 3.01114 2.10607 0.26619 4.60378 1.94275 4.90089 0.646836 0.276155 2.64711 4.75426 2.50069 4.97633 0.952363 2.9883 2.44398 2.07943 3.27545 0.396733 4.2234 3.26763 3.24762 4.58658 0.448038 3.96309 4.96196 4.6789 3.03488 0.957508 2.26483 4.63475 4.03341 2.67219 1.07277 3.02383 1.74499 1.25446 1.41029 4.54309 4.82808 1.59041 3.67654 2.56508 0.62725 2.68854 2.16788 4.70263 3.89449 4.96283 4.987 4.99549 3.99845 0.99947 4.99983 3.99995 2.99999 1 0 0 0 0 0 0 0 0 0 
0 3.84349 3.89625 0.80834 0.685578 1.88815 1.5709 0.397667 0.488152 1.16044 1.77774 0.18722 0.172603 0.494051 0.407106 0.907664 3.01934 3.08699 4.31184 1.36591 4.57861 3.20048 0.792159 1.62029 0.52688 4.48547 3.35295 1.56841 3.74691 3.48459 4.98737 4.12225 2.6113 4.03668 4.60266 1.5144 3.0934 0.0169037 4.14098 4.52132 4.72405 2.87419 0.458819 3.96311 1.68679 2.62372 0.235443 1.5427 4.64272 3.02383 3.84183 4.53016 0.76194 3.0364 1.11665 3.98924 0.91604 1.71856 3.45675 2.21681 3.98108 3.6298 1.86649 1.9522 1.98301 3.99401 4.99791 3.99928 4.99976 0.99992 2.99998 3 0 0 0 0 0 0 0 0 0 0 
0 2.03821 3.88959 2.53676 1.44613 3.55718 2.42123 3.86355 4.39497 4.3769 0.797395 0.325341 4.71726 2.99333 1.3627 2.29354 3.46473 1.59397 2.6608 0.45644 0.607501 4.76885 4.38661 2.88296 1.02214 0.0690438 4.5258 4.64468 0.105889 4.51296 0.97334 4.23057 1.19137 4.71624 2.04083 4.75782 0.0373963 1.82406 4.99627 3.42515 1.89933 0.596691 2.16868 2.39064 4.10895 1.2119 4.9393 0.684153 4.54288 1.74499 4.53016 0.61718 0.07785 2.62365 0.54837 4.50765 3.28479 1.40069 2.7715 2.79767 4.55576 3.83712 3.94073 1.97859 4.99233 0.99727 1.99904 2.99967 1.99989 3.99997 5 0 0 0 0 0 0 0 0 0 0 0 
0 0.233831 3.72968 3.30818 4.12992 2.46353 2.81011 2.96001 3.2454 1.67339 2.16527 0.0643255 3.34242 3.21172 4.97834 0.377785 1.35251 3.37613 1.32848 0.621517 1.104 0.0156771 0.836849 3.48217 0.494441 2.19618 2.97585 4.41649 0.0980783 4.38215 3.86179 0.130596 0.722394 0.967241 4.49353 3.02947 0.927173 4.01684 1.33578 0.923049 4.21287 2.93953 0.968653 4.97418 0.535757 2.94643 1.1465 1.63755 0.465871 1.25446 0.76194 0.07785 4.83196 3.49145 0.00809 1.5032 1.55762 0.39167 1.63264 3.48607 1.80837 0.9291 1.97397 3.99052 4.99658 4.99878 2.99957 0.99985 0.99995 2.99999 1 0 0 0 0 0 0 0 0 0 0 0 
0 1.5713 4.74477 0.353515 1.87865 1.33607 4.66919 1.82795 2.71124 3.86307 3.37805 0.773569 1.62168 2.47682 4.34034 3.5433 4.76717 2.76412 4.53558 4.20689 2.41818 3.55945 3.84191 2.15478 3.00951 1.64589 4.38588 0.849529 1.86912 2.63186 1.0928 3.24824 0.371496 1.87001 3.78622 1.9752 4.09252 0.335654 3.94407 1.40938 0.261174 0.783061 2.24837 3.40458 0.723907 3.28062 4.94861 4.34416 1.77335 1.41029 3.0364 2.62365 3.49145 0.79671 4.56102 3.01287 2.11411 0.50116 4.42677 0.78257 0.91819 0.96946 1.98869 3.99585 1.99849 2.99946 1.99981 3.99994 0.99998 3 0 0 0 0 0 0 0 0 0 0 0 0 
0 1.93957 0.0126816 3.93636 2.76305 0.129605 2.71644 4.89882 3.39011 3.55474 4.57496 2.25715 4.08003 0.765866 3.80989 2.95584 4.22423 3.17424 2.10466 2.29565 3.57705 0.579675 1.61799 1.10253 0.162066 2.06526 3.68852 4.92232 2.075 2.32222 0.98665 1.28878 4.09514 0.866506 1.28242 1.60605 2.51074 0.866386 4.46334 3.36197 1.94945 3.06006 2.264 3.60619 4.98769 3.10731 1.03455 0.6858 0.29611 4.54309 1.11665 0.54837 0.00809 4.56102 0.82443 0.96747 0.41632 1.3835 2.76206 1.90893 2.96543 0.98698 2.99514 0.9982 0.99934 4.99977 1.99992 3.99998 4 0 0 0 0 0 0 0 0 0 0 0 0 0 
0 0.592816 2.77508 4.77053 2.67361 0.374267 0.651838 1.6481 3.88122 0.301551 0.709661 1.83392 4.46828 1.43551 4.69055 4.06358 2.45316 0.829064 4.06209 3.22899 3.64022 0.693388 0.278819 2.2977 2.43986 0.668651 1.2634 2.53615 2.05584 1.49037 0.382341 0.442689 0.921852 4.17514 4.56655 1.71998 1.57759 4.85452 3.47697 4.40794 4.0445 3.47823 2.36037 4.4902 1.93929 0.02879 2.62124 3.66514 4.59386 4.82808 3.98924 4.50765 1.5032 3.01287 0.96747 4.387 2.36067 2.74884 4.90219 2.96223 3.98554 2.99451 4.99794 0.99923 2.99972 0.9999 2.99997 5 0 0 0 0 0 0 0 0 0 0 0 0 0 0 
0 1.75956 2.44642 4.83497 0.00272144 3.42394 0.377825 1.21111 0.780051 0.23632 2.92211 0.337035 2.28543 2.09289 4.08838 2.5202 3.20359 1.64098 1.18322 1.88038 4.02324 2.2885 1.36793 0.252839 0.0426577 4.73528 2.09317 3.91654 1.77734 4.88913 3.24115 3.55554 4.30205 0.539578 3.24506 2.09484 2.94117 4.79357 1.66369 3.30429 0.802346 4.41411 2.82888 1.09799 4.02304 2.41738 0.41084 3.01657 0.12268 1.59041 0.91604 3.28479 1.55762 2.11411 0.41632 2.36067 0.74427 3.89863 2.96017 4.98449 1.99401 2.99771 4.99914 2.99968 4.99989 0.99996 1.99999 1 0 0 0 0 0 0 0 0 0 0 0 0 0 0 
0 3.24012 0.422682 4.10674 1.1732 3.37303 3.59374 3.22296 3.7163 4.30678 4.84045 2.26199 2.98035 4.44595 3.78109 2.63591 4.7571 0.223435 1.04822 4.05528 4.20984 0.749509 4.74251 2.39079 4.90214 3.34398 1.78235 0.356374 1.94318 2.83934 1.54832 0.970231 4.16572 2.41227 4.95044 3.71322 4.15303 3.92066 1.38504 1.9695 0.867212 1.91043 4.5735 0.94626 1.39937 3.36586 3.15647 1.83511 1.79178 3.67654 1.71856 1.40069 0.39167 0.50116 1.3835 2.74884 3.89863 3.95946 1.98393 2.99369 4.99755 3.99906 4.99965 1.99987 3.99996 2.99999 2 0 0 0 0 0 0 0 0 0 0 0 0 0 0 0 
0 4.30567 3.21429 2.00907 2.81601 1.96333 0.865227 1.46036 1.35888 4.09718 4.32671 0.621222 4.77598 3.71792 3.7035 0.668433 4.95745 2.11662 3.85736 0.0620205 1.3897 0.94451 2.01047 1.84441 1.82888 4.57144 0.917112 2.02722 1.69301 1.98071 1.82663 3.49362 3.021 3.91869 3.864 2.23432 3.26568 1.74118 0.979667 1.06704 0.0248607 3.6055 3.64462 4.72234 2.82628 2.43932 4.91957 1.95112 0.14866 2.56508 3.45675 2.7715 1.63264 4.42677 2.76206 4.90219 2.96017 1.98393 3.99358 2.99746 3.99901 2.99962 2.99986 1.99995 3.99999 2 0 0 0 0 0 0 0 0 0 0 0 0 0 0 0 0 
0 4.07267 0.793423 0.576676 2.99755 3.28156 0.357934 2.07815 2.01333 0.123957 0.451916 3.02737 3.53665 4.79486 4.40321 4.19985 0.560909 1.87162 3.29714 4.07466 4.36016 2.42079 0.772234 4.89774 3.99506 1.55056 0.150133 2.08088 3.78363 2.41335 2.32429 1.0457 2.12755 3.1985 4.0684 0.8155 3.80487 2.60772 4.76807 4.79259 3.17621 4.16258 0.76445 4.6988 0.50569 2.98932 4.58193 2.70668 1.5711 0.62725 2.21681 2.79767 3.48607 0.78257 1.90893 2.96223 4.98449 2.99369 2.99746 2.99899 4.99961 1.99985 3.99995 4.99999 2 0 0 0 0 0 0 0 0 0 0 0 0 0 0 0 0 0 
0 0.21684 0.629721 3.61005 2.01909 1.65746 2.22829 2.84905 2.35529 1.39097 4.14018 3.70974 2.61929 1.78356 1.75832 1.65058 4.43986 3.84741 0.735037 4.18377 1.44633 4.07198 2.60482 0.862804 4.6138 1.36871 4.22221 1.05352 0.331748 3.63398 2.4639 0.812785 4.6331 2.73318 0.164861 0.307972 3.08268 3.76981 1.32404 0.0317302 4.24582 4.68378 2.09067 2.75839 0.65305 3.52859 2.82216 4.5058 4.8154 2.68854 3.98108 4.55576 1.80837 0.91819 2.96543 3.98554 1.99401 4.99755 3.99901 4.99961 2.99985 4.99995 4.99999 2 0 0 0 0 0 0 0 0 0 0 0 0 0 0 0 0 0 0 
0 0.44383 2.22034 1.80096 1.5105 1.10235 3.28491 4.90812 0.585432 3.72107 3.95169 2.26351 2.95713 3.56404 3.65189 2.11001 1.55935 3.80819 0.55518 3.84149 0.023878 1.71207 1.24958 2.65195 0.347491 3.50928 3.5232 2.9493 1.29586 0.290902 4.9064 0.677096 0.657691 3.39068 1.17452 0.131561 4.26189 4.4165 4.75344 0.35978 3.12252 1.56196 0.33087 0.61802 3.0543 2.11662 3.18778 2.93873 0.15083 2.16788 3.6298 3.83712 0.9291 0.96946 0.98698 2.99451 2.99771 3.99906 2.99962 1.99985 4.99995 4.99999 2 0 0 0 0 0 0 0 0 0 0 0 0 0 0 0 0 0 0 0 
0 0.88886 3.22299 2.812 0.695241 0.859421 0.892605 3.14916 3.29129 2.97645 3.25632 1.66438 0.832328 4.02425 2.0416 4.30152 1.55624 2.33505 1.55981 4.33532 2.67613 3.21708 0.0384426 2.21299 2.26592 4.73903 0.404622 4.50802 0.576148 0.0374653 1.15268 3.46539 3.48364 1.20917 4.69629 4.5765 0.57367 3.80127 3.91266 0.45538 1.51604 4.61584 1.58946 3.84156 0.3792 1.49918 0.9374 0.57523 3.34522 4.70263 1.86649 3.94073 1.97397 1.98869 2.99514 4.99794 4.99914 4.99965 2.99986 3.99995 4.99999 2 0 0 0 0 0 0 0 0 0 0 0 0 0 0 0 0 0 0 0 0 
0 4.7778 4.8004 1.32397 1.41029 4.47522 2.53057 2.06515 2.126 2.66625 1.68781 1.08316 2.32727 1.92813 4.90676 0.118411 0.66711 2.87926 3.4199 4.86849 2.97326 2.23882 4.20462 3.80834 0.35059 2.00187 3.14852 3.9122 0.0169219 1.08754 3.09616 0.741821 1.4628 2.1448 1.57421 3.03353 2.72332 0.70594 1.92427 1.27622 4.55861 2.03497 2.92493 1.55332 3.38652 2.77715 3.94292 4.50364 3.76978 3.89449 1.9522 1.97859 3.99052 3.99585 0.9982 0.99923 2.99968 1.99987 1.99995 4.99999 2 0 0 0 0 0 0 0 0 0 0 0 0 0 0 0 0 0 0 0 0 0 
0 3.15557 4.39125 4.54336 4.79209 2.05799 1.53002 2.34734 4.75128 3.38398 2.77512 2.40636 0.462496 3.47283 1.13744 1.15884 2.49316 1.79586 2.53386 1.7221 2.52027 0.0682064 0.107675 2.77879 1.57214 4.82085 1.86853 3.00726 1.03891 1.64744 4.16278 3.98964 4.29578 3.49126 0.41492 4.29074 2.4034 0.62219 2.30947 4.91724 0.89522 3.58607 3.70222 2.85112 4.44754 0.24494 3.63758 2.82825 1.91961 4.96283 1.98301 4.99233 4.99658 1.99849 0.99934 2.99972 4.99989 3.99996 3.99999 2 0 0 0 0 0 0 0 0 0 0 0 0 0 0 0 0 0 0 0 0 0 0 
