0 0 0 0 0 0 0 0 0 0 0 0 0 0 0 0 0 0 0 0 0 0 0 0 0 0 0 0 0 0 0 0 0 0 0 0 0 0 0 0 
0 3.57119 0.589816 0.61708 2.71743 2.38295 2.70059 2.30185 3.62714 1.1712 2.7442 1.20292 2.30157 3.90003 3.90009 2.30002 2.6 1.7 3.5 1.3 3.2 2.4 0.7 0.5 3 1.3 2.6 3.1 3.6 1.1 0.9 0 1.8 2 0 0 0 0 0 0 
0 0.589816 0.908129 2.79779 2.13972 2.44771 0.136035 3.09215 3.36797 2.93463 1.64853 0.617494 0.504428 2.20104 2.1003 0.80003 2.3 2.9 2.5 0.1 3.5 1 1.6 3.3 3.1 2.2 0.2 2.3 2.4 3.2 0.8 0.4 0.1 2.6 4 0 0 0 0 0 
0 0.61708 2.79779 2.74665 0.704864 2.46461 0.647389 3.26088 0.372213 2.38768 3.93169 1.12162 0.700004 3.6003 0.200585 0.600145 1.40005 2.40001 1.6 1.7 3.4 1.7 3.3 2.9 3.4 1 1.8 0.5 0.2 3.4 1.7 1.3 0.3 3.1 2.6 4 0 0 0 0 
0 2.71743 2.13972 0.704864 2.41868 3.12626 3.38449 3.73063 3.91121 2.65624 0.533112 2.54436 2.00455 1.70216 0.300035 0.700046 2.00003 3 3.9 0.100002 2.5 3.4 3.5 3.8 3.5 0.1 2.3 2.5 0.3 3.4 1.5 0.2 1.7 2.4 2.6 1.7 3 0 0 0 
0 2.38295 2.44771 2.46461 3.12626 1.83296 1.45694 3.80456 3.55709 1.49331 2.13141 3.42305 0.900287 3.20228 1.90063 0.000227672 1.60006 2.1348e-05 2.3 1.7 0.400001 4 0.1 1.3 0.3 0.1 1.7 2.6 1 2.6 2.3 3.6 1.5 2.6 2.7 3.2 3.9 1 0 0 
0 2.70059 0.136035 0.647389 3.38449 1.45694 2.37715 2.31847 0.684274 2.0028 0.645721 1.51636 2.7059 1.20045 1.80016 2.70023 0.100002 0.300024 1.5 2.2 1.5 1.4 1.2 3.8 1.4 1.2 3.7 2.8 5.73266e-11 1 4 1.5 4.40536e-13 1.5 3.8 0.3 1.6 4 0 0 
0 2.30185 3.09215 3.26088 3.73063 3.80456 2.31847 2.65959 1.66235 1.93269 2.84563 3.90715 0.305914 0.60205 0.800853 0.700186 3.50008 1.8 1.4 1.6 3.5 3.6 1.2 1.3 3.7 3.2 1.7 1.9 3.5 0.9 2.1 0.5 2.7 1.2 1.42109e-14 2.2 3.3 2.9 1 0 
0 3.62714 3.36797 0.372213 3.91121 3.55709 0.684274 1.66235 0.757088 1.11454 1.31749 1.6043 3.20273 0.00115347 3.40002 0.900172 3.20003 3.80002 2.60001 1.1 1.4 3.5 0.9 0.2 2.8 0.2 0.3 3 0.4 1.2 2.7 0.9 2.7 1.7 3.1 3 1.9 3.8 2 0 
0 1.1712 2.93463 2.38768 2.65624 1.49331 2.0028 1.93269 1.11454 2.61767 3.00452 3.50157 0.00200518 0.90057 1.80024 1.60008 1.40001 0.600013 1.9 1.2 2.5 0.1 1.5 2.7 1.5 2 3 3.9 2.6 1.1 0.7 2.4 3.6 1.3 2.6 0.8 1.5 0.6 4 0 
0 2.7442 1.64853 3.93169 0.533112 2.13141 0.645721 2.84563 1.31749 3.00452 0.700003 1.00147 1.20047 2.80016 0.200156 1.60004 2.6 4 3.4 3.2 1.4 3.8 1 0.1 3.9 2.6 1.6 3.6 1.3 1.7 1.1 0.2 0.6 2.9 3.2 4 1.2 1.5 0.9 1 
0 1.20292 0.617494 1.12162 2.54436 3.42305 1.51636 3.90715 1.6043 3.50157 1.00147 0.500867 1.10059 2.7002 0.800066 0.800031 3.50002 3.80001 3.07021e-07 2.5 0.4 0.3 1.8 3.8 3.1 2.9 2.7 3.4 0.4 2.1 3.6 3.2 0.6 1.3 2.2 1.5 1 0.4 2.9 1 
0 2.30157 0.504428 0.700004 2.00455 0.900287 2.7059 0.305914 3.20273 0.00200518 1.20047 1.10059 2.00003 0.200092 3.80006 2.90002 4.00001 2.2 3.5 0.2 3.1 0.9 0.4 2.2 2.8 1.6 0.2 3.4 1.2 1.7 7.94387e-12 3.1 3.8 2.4 1.7 1.5 3 1.4 2.9 1 
0 3.90003 2.20104 3.6003 1.70216 3.20228 1.20045 0.60205 0.00115347 0.90057 2.80016 2.7002 0.200092 3.60004 1 1.90001 0.500006 3.4 1.3 0.8 2.5 3.5 4 1.3 2.1 3 3.2 0.6 2.2 1.2 0.5 1.8 2.9 1 0.4 0.9 3.1 0.4 2.9 1 
0 3.90009 2.1003 0.200585 0.300035 1.90063 1.80016 0.800853 3.40002 1.80024 0.200156 0.800066 3.80006 1 0.300009 3.3 0.7 0.400001 1.8 1.5 3 3.3 0.2 2.4 1 1.7 0.1 0.5 1.5 4 0.4 1.3 3.2685e-13 0.7 3 3.7 2.3 2.5 1.9 1 
0 2.30002 0.80003 0.600145 0.700046 0.000227672 2.70023 0.700186 0.900172 1.60008 1.60004 0.800031 2.90002 1.90001 3.3 3.1 2.5 2.4 3.1 0.4 3.5 1.8 3.9 1.4 1.7 0.2 0.6 3.8 0.8 1.3 2.6 1.4 3.9 0.1 1.9 3.6 3.6 2.6 0.9 1 
0 2.6 2.3 1.40005 2.00003 1.60006 0.100002 3.50008 3.20003 1.40001 2.6 3.50002 4.00001 0.500006 0.7 2.5 3.8 1.2 1.5 3.8 3.4 3 0.6 0.4 0.9 0.3 2.4 1.2 3.6 3.1 3.8 0.4 0.1 3.1 1.8 2.5 3.9 2.7 4 0 
0 1.7 2.9 2.40001 3 2.1348e-05 0.300024 1.8 3.80002 0.600013 4 3.80001 2.2 3.4 0.400001 2.4 1.2 2.8 3.9 2.3 2.2 3.9 2.6 0.2 3 1 3.7 0.3 1.02318e-11 1 0.7 0.2 3.1 2.9 1.4 0.3 1.1 3.8 2 0 
0 3.5 2.5 1.6 3.9 2.3 1.5 1.4 2.60001 1.9 3.4 3.07021e-07 3.5 1.3 1.8 3.1 1.5 3.9 3.4 3.9 3.8 3.7 1.3 3.7 1 1.18391e-10 3.31113e-12 1.4 1 2.7 1.3 1.3 0.1 3.2 2.6 3.1 3.4 3.9 1 0 
0 1.3 0.1 1.7 0.100002 1.7 2.2 1.6 1.1 1.2 3.2 2.5 0.2 0.8 1.5 0.4 3.8 2.3 3.9 1 0.9 0.3 1.9 2 1.28054e-10 2.3 2.7 1.5 0.2 3.2 0.8 2.3 3.6 2 2.3 2.7 2.6 0.9 1 0 
0 3.2 3.5 3.4 2.5 0.400001 1.5 3.5 1.4 2.5 1.4 0.4 3.1 2.5 3 3.5 3.4 2.2 3.8 0.9 0.4 3 1.6 0.1 0.8 0.2 0.9 2.7 4 3.1 2.5 0.8 3.1 2.5 3.6 0.1 0.7 4 0 0 
0 2.4 1 1.7 3.4 4 1.4 3.6 3.5 0.1 3.8 0.3 0.9 3.5 3.3 1.8 3 3.9 3.7 0.3 3 0.4 0.3 2.3 2.9 2.4 3.3 3 3.5 0.6 2.2 1.7 1.5 1.9 3.5 3.5 3.9 1 0 0 
0 0.7 1.6 3.3 3.5 0.1 1.2 1.2 0.9 1.5 1 1.8 0.4 4 0.2 3.9 0.6 2.6 1.3 1.9 1.6 0.3 2.7 0.5 0.4 2.7 3.8 3.9 0.1 3.5 1.4 3.5 1.7 1.5 3.1 1.7 4 0 0 0 
0 0.5 3.3 2.9 3.8 1.3 3.8 1.3 0.2 2.7 0.1 3.8 2.2 1.3 2.4 1.4 0.4 0.2 3.7 2 0.1 2.3 0.5 3.2 2.2 3 1.8 1.4 1 1.4 2.8 2.1 0.3 0.5 3.5 3.9 1 0 0 0 
0 3 3.1 3.4 3.5 0.3 1.4 3.7 2.8 1.5 3.9 3.1 2.8 2.1 1 1.7 0.9 3 1 1.28054e-10 0.8 2.9 0.4 2.2 1.7 1 2.8 2.2 1.6 1.2 0.3 1 0.9 3.2 0.7 4 0 0 0 0 
0 1.3 2.2 1 0.1 0.1 1.2 3.2 0.2 2 2.6 2.9 1.6 3 1.7 0.2 0.3 1 1.18391e-10 2.3 0.2 2.4 2.7 3 1 0.6 1 2.55795e-13 0.7 2.9 3.8 1.3 2.9 2.6 2.9 1 0 0 0 0 
0 2.6 0.2 1.8 2.3 1.7 3.7 1.7 0.3 3 1.6 2.7 0.2 3.2 0.1 0.6 2.4 3.7 3.31113e-12 2.7 0.9 3.3 3.8 1.8 2.8 1 1.3 1.2 3.2 3.8 2.8 1.6 0.4 1.8 3 0 0 0 0 0 
0 3.1 2.3 0.5 2.5 2.6 2.8 1.9 3 3.9 3.6 3.4 3.4 0.6 0.5 3.8 1.2 0.3 1.4 1.5 2.7 3 3.9 1.4 2.2 2.55795e-13 1.2 3.6 2.2 2.4 2.4 1.3 0.7 0.9 1 0 0 0 0 0 
0 3.6 2.4 0.2 0.3 1 5.73266e-11 3.5 0.4 2.6 1.3 0.4 1.2 2.2 1.5 0.8 3.6 1.02318e-11 1 0.2 4 3.5 0.1 1 1.6 0.7 3.2 2.2 0.2 0.2 1.2 2.7 1.9 2 0 0 0 0 0 0 
0 1.1 3.2 3.4 3.4 2.6 1 0.9 1.2 1.1 1.7 2.1 1.7 1.2 4 1.3 3.1 1 2.7 3.2 3.1 0.6 3.5 1.4 1.2 2.9 3.8 2.4 0.2 3.2 3.7 1.9 2 0 0 0 0 0 0 0 
0 0.9 0.8 1.7 1.5 2.3 4 2.1 2.7 0.7 1.1 3.6 7.94387e-12 0.5 0.4 2.6 3.8 0.7 1.3 0.8 2.5 2.2 1.4 2.8 0.3 3.8 2.8 2.4 1.2 3.7 1.9 2 0 0 0 0 0 0 0 0 
0 0 0.4 1.3 0.2 3.6 1.5 0.5 0.9 2.4 0.2 3.2 3.1 1.8 1.3 1.4 0.4 0.2 1.3 2.3 0.8 1.7 3.5 2.1 1 1.3 1.6 1.3 2.7 1.9 2 0 0 0 0 0 0 0 0 0 
0 1.8 0.1 0.3 1.7 1.5 4.40536e-13 2.7 2.7 3.6 0.6 0.6 3.8 2.9 3.2685e-13 3.9 0.1 3.1 0.1 3.6 3.1 1.5 1.7 0.3 0.9 2.9 0.4 0.7 1.9 2 0 0 0 0 0 0 0 0 0 0 
0 2 2.6 3.1 2.4 2.6 1.5 1.2 1.7 1.3 2.9 1.3 2.4 1 0.7 0.1 3.1 2.9 3.2 2 2.5 1.9 1.5 0.5 3.2 2.6 1.8 0.9 2 0 0 0 0 0 0 0 0 0 0 0 
0 0 4 2.6 2.6 2.7 3.8 1.42109e-14 3.1 2.6 3.2 2.2 1.7 0.4 3 1.9 1.8 1.4 2.6 2.3 3.6 3.5 3.1 3.5 0.7 2.9 3 1 0 0 0 0 0 0 0 0 0 0 0 0 
0 0 0 4 1.7 3.2 0.3 2.2 3 0.8 4 1.5 1.5 0.9 3.7 3.6 2.5 0.3 3.1 2.7 0.1 3.5 1.7 3.9 4 1 0 0 0 0 0 0 0 0 0 0 0 0 0 0 
0 0 0 0 3 3.9 1.6 3.3 1.9 1.5 1.2 1 3 3.1 2.3 3.6 3.9 1.1 3.4 2.6 0.7 3.9 4 1 0 0 0 0 0 0 0 0 0 0 0 0 0 0 0 0 
0 0 0 0 0 1 4 2.9 3.8 0.6 1.5 0.4 1.4 0.4 2.5 2.6 2.7 3.8 3.9 0.9 4 1 0 0 0 0 0 0 0 0 0 0 0 0 0 0 0 0 0 0 
0 0 0 0 0 0 0 1 2 4 0.9 2.9 2.9 2.9 1.9 0.9 4 2 1 1 0 0 0 0 0 0 0 0 0 0 0 0 0 0 0 0 0 0 0 0 
0 0 0 0 0 0 0 0 0 0 1 1 1 1 1 1 0 0 0 0 0 0 0 0 0 0 0 0 0 0 0 0 0 0 0 0 0 0 0 0 
