0 0 0 0 0 0 0 0 0 0 0 0 0 0 0 0 0 0 0 0 0 0 0 0 0 0 0 0 0 0 0 0 0 0 0 0 0 0 0 0 0 0 0 0 0 0 0 0 0 0 0 0 0 0 0 0 0 0 0 0 0 0 0 0 0 0 0 0 0 0 0 0 0 0 0 0 0 0 0 0 0 0 0 0 0 0 0 0 0 0 0 0 0 0 0 0 0 0 0 0 0 0 0 0 0 0 0 0 0 0 0 0 0 0 0 0 0 0 0 0 0 0 0 0 0 0 0 0 0 0 0 0 0 0 0 0 0 0 0 0 0 0 0 0 0 0 0 0 0 0 0 0 0 0 0 0 0 0 0 0 0 0 0 0 0 0 0 0 0 0 0 0 0 0 0 0 0 0 0 0 0 0 0 0 0 0 0 0 0 0 0 0 0 0 0 0 0 0 0 0 0 0 0 0 0 0 0 0 0 0 0 0 0 0 0 0 0 0 0 0 0 0 
0 1.27202 1.84111 1.21995 1.73878 1.69353 1.84657 1.88659 1.53522 1.71476 0.496559 2.15634 2.03246 0.981747 0.821078 1.07138 0.140292 0.957288 1.18792 2.19615 0.798272 1.79957 1.59957 1.39985 0.399999 0.799942 1.59998 0.199999 0.399996 1.2 1 1.4 2 1.8 1.8 1.4 0.4 2.2 2 1.6 0.8 1.4 2.2 0.6 1.6 1.8 0.4 2 0.8 0.2 0.8 1.4 2 1 1.8 0.2 0.8 1.6 2 0 0 0 0 0 0 0 0 0 0 0 0 0 0 0 0 0 0 0 0 0 0 0 0 0 0 0 0 0 0 0 0 0 0 0 0 0 0 0 0 0 0 0 0 0 0 0 0 0 0 0 0 0 0 0 0 0 0 0 0 0 0 0 0 0 0 0 0 0 0 0 0 0 0 0 0 0 0 0 0 0 0 0 0 0 0 0 0 0 0 0 0 0 0 0 0 0 0 0 0 0 0 0 0 0 0 0 0 0 0 0 0 0 0 0 0 0 0 0 0 0 0 0 0 0 0 0 0 0 0 0 0 0 0 0 0 0 0 0 0 0 0 0 0 0 0 0 0 0 0 0 0 0 0 0 0 0 0 0 0 0 0 0 
0 1.84111 0.282835 1.98957 2.17484 1.83416 1.94652 1.62429 0.853004 0.74524 0.470239 2.19241 2.07728 1.37045 1.65803 0.914638 1.94234 0.752478 1.88144 0.79372 0.165324 0.399562 1.79479 1.19772 1.19953 2.19954 0.599826 1.79998 1.79993 1.79996 1.39999 1.99999 0.799995 2.2 1.2 1 0.8 2.2 0.4 1.8 0.6 0.2 1.6 1.2 1.8 0.2 0.6 2.2 1 0.6 1.2 0.8 1.4 1 0.8 2 1.4 0.6 2.2 1 1.8 1.6 2 0 0 0 0 0 0 0 0 0 0 0 0 0 0 0 0 0 0 0 0 0 0 0 0 0 0 0 0 0 0 0 0 0 0 0 0 0 0 0 0 0 0 0 0 0 0 0 0 0 0 0 0 0 0 0 0 0 0 0 0 0 0 0 0 0 0 0 0 0 0 0 0 0 0 0 0 0 0 0 0 0 0 0 0 0 0 0 0 0 0 0 0 0 0 0 0 0 0 0 0 0 0 0 0 0 0 0 0 0 0 0 0 0 0 0 0 0 0 0 0 0 0 0 0 0 0 0 0 0 0 0 0 0 0 0 0 0 0 0 0 0 0 0 0 0 0 0 0 0 0 0 0 0 0 0 0 0 0 0 
0 1.21995 1.98957 0.535131 1.56757 0.442881 0.989656 1.03444 1.0649 1.29591 0.695099 1.60877 1.05017 1.73546 0.291657 1.48887 2.17476 2.04237 1.14049 0.197109 0.47973 0.957192 1.15408 0.58446 1.79981 1.79652 2.19768 0.799044 2.19995 0.799913 0.799921 1.79998 1.6 1.59999 1.4 1.2 1.6 1.8 0.8 1.8 2 2 1.8 1.8 0.4 0.6 0.8 2.2 1.4 0.8 0.2 0.4 2.2 0.8 1.6 0.2 1.4 0.2 1 0.6 2 1.4 1.8 1.2 0.2 1.8 1 0 0 0 0 0 0 0 0 0 0 0 0 0 0 0 0 0 0 0 0 0 0 0 0 0 0 0 0 0 0 0 0 0 0 0 0 0 0 0 0 0 0 0 0 0 0 0 0 0 0 0 0 0 0 0 0 0 0 0 0 0 0 0 0 0 0 0 0 0 0 0 0 0 0 0 0 0 0 0 0 0 0 0 0 0 0 0 0 0 0 0 0 0 0 0 0 0 0 0 0 0 0 0 0 0 0 0 0 0 0 0 0 0 0 0 0 0 0 0 0 0 0 0 0 0 0 0 0 0 0 0 0 0 0 0 0 0 0 0 0 0 0 0 0 0 0 0 0 0 0 0 0 0 0 0 
0 1.73878 2.17484 1.56757 0.883065 1.85504 1.10158 1.04271 0.262389 0.336898 1.18863 0.644133 1.61049 1.68382 1.89365 2.04734 1.18206 1.12293 1.16499 0.28133 1.79485 0.410508 0.110037 1.56429 1.17082 1.79839 1.79654 0.993686 1.19823 0.998702 1.79983 1.79994 1.19988 2.19998 0.599985 1.8 0.6 1.6 2 1.6 0.4 0.4 1.2 0.6 1.6 1.6 1 1.4 1.2 1.8 2.2 2.2 0.6 0.6 0.2 2.2 2.2 0.4 1.4 2 0.2 1 1.6 0.6 1 0.4 1 1.2 1.8 1 0 0 0 0 0 0 0 0 0 0 0 0 0 0 0 0 0 0 0 0 0 0 0 0 0 0 0 0 0 0 0 0 0 0 0 0 0 0 0 0 0 0 0 0 0 0 0 0 0 0 0 0 0 0 0 0 0 0 0 0 0 0 0 0 0 0 0 0 0 0 0 0 0 0 0 0 0 0 0 0 0 0 0 0 0 0 0 0 0 0 0 0 0 0 0 0 0 0 0 0 0 0 0 0 0 0 0 0 0 0 0 0 0 0 0 0 0 0 0 0 0 0 0 0 0 0 0 0 0 0 0 0 0 0 0 0 0 0 0 0 0 0 0 0 0 0 0 0 0 0 0 0 
0 1.69353 1.83416 0.442881 1.85504 1.29089 1.70689 0.438355 1.66957 0.465015 1.49442 1.57391 0.81656 1.09079 0.762697 1.16846 0.0252694 0.961859 0.124425 1.2303 0.620866 1.06763 1.17765 0.597299 1.14306 0.565562 0.79519 0.588341 1.19385 2.19938 1.79782 0.799228 0.799769 2.19998 1.1999 0.799999 1.59995 0.999985 0.599995 1.4 0.599999 0.599999 0.2 0.6 2.2 0.8 0.2 1.8 0.2 1.8 2.2 1.2 1.6 1.8 2 0.4 0.8 0.4 1.8 2 1 0.2 0.4 1 1 2.2 1 1.6 1.2 1.4 1.4 0.8 1 0 0 0 0 0 0 0 0 0 0 0 0 0 0 0 0 0 0 0 0 0 0 0 0 0 0 0 0 0 0 0 0 0 0 0 0 0 0 0 0 0 0 0 0 0 0 0 0 0 0 0 0 0 0 0 0 0 0 0 0 0 0 0 0 0 0 0 0 0 0 0 0 0 0 0 0 0 0 0 0 0 0 0 0 0 0 0 0 0 0 0 0 0 0 0 0 0 0 0 0 0 0 0 0 0 0 0 0 0 0 0 0 0 0 0 0 0 0 0 0 0 0 0 0 0 0 0 0 0 0 0 0 0 0 0 0 0 0 0 0 0 0 0 0 0 0 0 0 0 
0 1.84657 1.94652 0.989656 1.10158 1.70689 0.0846339 1.03835 0.214899 0.924687 0.641234 0.0269915 0.925397 1.73073 2.17007 1.08985 1.94123 1.18564 1.749 2.04912 1.1405 1.13472 2.1611 1.98396 0.47176 2.12768 1.96493 2.18811 1.96945 0.98937 1.99664 1.59803 0.197916 1.39957 0.399488 1.39986 1.59987 0.19998 1.39998 1.2 0.2 0.6 0.599999 1.2 1.2 2.2 1.6 1.8 2 0.4 2 2 2 2.2 0.6 2 1 0.6 2.2 2.2 1 1.2 0.4 1 1.8 0.6 0.6 2 0.4 0.8 0.8 1.2 0.8 1.6 2 0 0 0 0 0 0 0 0 0 0 0 0 0 0 0 0 0 0 0 0 0 0 0 0 0 0 0 0 0 0 0 0 0 0 0 0 0 0 0 0 0 0 0 0 0 0 0 0 0 0 0 0 0 0 0 0 0 0 0 0 0 0 0 0 0 0 0 0 0 0 0 0 0 0 0 0 0 0 0 0 0 0 0 0 0 0 0 0 0 0 0 0 0 0 0 0 0 0 0 0 0 0 0 0 0 0 0 0 0 0 0 0 0 0 0 0 0 0 0 0 0 0 0 0 0 0 0 0 0 0 0 0 0 0 0 0 0 0 0 0 0 0 0 0 0 0 0 
0 1.88659 1.62429 1.03444 1.04271 0.438355 1.03835 1.05148 1.08734 1.69307 1.35148 0.0136144 0.570698 0.30909 0.365302 2.11927 0.0915998 2.15449 1.62473 1.09544 1.95915 0.516654 1.8516 2.01846 0.784888 0.912559 0.334505 1.17061 2.15975 2.19661 0.19851 1.59547 1.59937 1.59983 1.99869 0.599397 1.39969 1.59971 1.39988 1.39995 1.59997 0.199999 0.199994 1.2 1.8 1.2 0.6 1 0.8 0.4 1.2 1.2 0.8 0.6 2.2 2.2 2.2 1.4 1.8 1.4 0.2 1 0.8 0.4 0.2 0.2 2 1 0.8 1.6 1.6 0.8 0.2 2 0.2 0.2 1.8 1 0 0 0 0 0 0 0 0 0 0 0 0 0 0 0 0 0 0 0 0 0 0 0 0 0 0 0 0 0 0 0 0 0 0 0 0 0 0 0 0 0 0 0 0 0 0 0 0 0 0 0 0 0 0 0 0 0 0 0 0 0 0 0 0 0 0 0 0 0 0 0 0 0 0 0 0 0 0 0 0 0 0 0 0 0 0 0 0 0 0 0 0 0 0 0 0 0 0 0 0 0 0 0 0 0 0 0 0 0 0 0 0 0 0 0 0 0 0 0 0 0 0 0 0 0 0 0 0 0 0 0 0 0 0 0 0 0 0 0 0 0 0 0 0 
0 1.53522 0.853004 1.0649 0.262389 1.66957 0.214899 1.08734 1.0163 0.704355 1.60415 1.08758 1.98171 1.60933 2.03695 1.44376 1.87939 2.05755 0.301934 0.582453 1.87925 1.76011 0.0372989 0.0732817 1.16318 0.874393 0.135012 0.560117 0.362366 0.334311 1.9567 1.57232 0.591036 0.597827 1.19535 1.19804 1.39942 1.79952 1.19972 2.19997 0.999951 0.599993 0.6 0.399986 1.6 0.599999 0.999998 0.999999 2.2 2.2 0.4 1.8 1.4 1 0.2 1.4 2 1.8 0.2 0.6 1.6 0.6 1.2 0.6 0.2 0.6 2.2 0.8 1.8 0.2 1.8 1.8 1.8 0.2 2 1.8 0.6 1 0.6 2 0 0 0 0 0 0 0 0 0 0 0 0 0 0 0 0 0 0 0 0 0 0 0 0 0 0 0 0 0 0 0 0 0 0 0 0 0 0 0 0 0 0 0 0 0 0 0 0 0 0 0 0 0 0 0 0 0 0 0 0 0 0 0 0 0 0 0 0 0 0 0 0 0 0 0 0 0 0 0 0 0 0 0 0 0 0 0 0 0 0 0 0 0 0 0 0 0 0 0 0 0 0 0 0 0 0 0 0 0 0 0 0 0 0 0 0 0 0 0 0 0 0 0 0 0 0 0 0 0 0 0 0 0 0 0 0 0 0 0 0 0 0 
0 1.71476 0.74524 1.29591 0.336898 0.465015 0.924687 1.69307 0.704355 0.693683 2.10002 1.9538 0.743425 0.647617 1.25661 2.12885 0.381552 1.52095 0.078701 0.00312792 0.521145 2.14433 1.42186 2.06306 1.50582 1.2839 0.1906 0.0843642 1.27588 0.788483 0.380075 0.176537 1.59931 1.58635 0.396529 0.794797 1.4 1.99852 2.19948 1.39939 0.799824 1.39995 1.59996 1.4 0.999976 1.59999 1.4 0.599997 2.2 1.8 1.8 1 1.2 1.4 0.2 0.6 1 2.2 1.4 1 1 2 1.6 0.2 0.4 1.8 2 1.8 1 0.2 0.2 1.2 2.2 1.4 2.2 1.8 2.2 0.8 2.2 0.8 1.6 2 0 0 0 0 0 0 0 0 0 0 0 0 0 0 0 0 0 0 0 0 0 0 0 0 0 0 0 0 0 0 0 0 0 0 0 0 0 0 0 0 0 0 0 0 0 0 0 0 0 0 0 0 0 0 0 0 0 0 0 0 0 0 0 0 0 0 0 0 0 0 0 0 0 0 0 0 0 0 0 0 0 0 0 0 0 0 0 0 0 0 0 0 0 0 0 0 0 0 0 0 0 0 0 0 0 0 0 0 0 0 0 0 0 0 0 0 0 0 0 0 0 0 0 0 0 0 0 0 0 0 0 0 0 0 0 0 0 0 0 0 
0 0.496559 0.470239 0.695099 1.18863 1.49442 0.641234 1.35148 1.60415 2.10002 1.97125 1.12017 1.65684 0.516454 1.29827 0.883224 0.205609 1.96639 0.182773 1.62569 0.541725 1.57098 1.63523 0.693188 1.44532 0.456085 1.68121 0.0781576 0.156158 0.225447 0.666072 0.108047 0.767814 1.96585 2.19942 1.19451 1.59516 0.996273 0.199911 0.999587 1.59945 2.19969 1.19993 1.99995 1.39998 0.199967 0.199995 1.6 1.8 0.8 2.2 1 0.4 1.8 1 0.8 0.4 1.4 0.4 1 1.2 2 1.2 0.8 2 1.2 2 2.2 0.2 0.8 1.6 0.6 1.6 1.6 0.6 1.6 1.2 0.4 0.8 2.2 0.8 0.6 0.4 0.8 1 0 0 0 0 0 0 0 0 0 0 0 0 0 0 0 0 0 0 0 0 0 0 0 0 0 0 0 0 0 0 0 0 0 0 0 0 0 0 0 0 0 0 0 0 0 0 0 0 0 0 0 0 0 0 0 0 0 0 0 0 0 0 0 0 0 0 0 0 0 0 0 0 0 0 0 0 0 0 0 0 0 0 0 0 0 0 0 0 0 0 0 0 0 0 0 0 0 0 0 0 0 0 0 0 0 0 0 0 0 0 0 0 0 0 0 0 0 0 0 0 0 0 0 0 0 0 0 0 0 0 0 0 0 0 0 0 0 
0 2.15634 2.19241 1.60877 0.644133 1.57391 0.0269915 0.0136144 1.08758 1.9538 1.12017 0.174821 1.48997 0.116454 0.146335 0.535381 1.04162 0.984613 1.66393 0.234095 1.03655 1.63619 1.10928 1.99569 0.818733 1.1286 1.39523 0.447381 1.0502 0.186659 0.906082 0.514097 0.139108 0.945304 1.78572 1.37924 1.59391 0.194471 2.19996 1.1959 0.198371 1.39959 0.599706 1.59977 1.19995 1.59996 0.799968 2.19998 0.79999 1 0.599999 1.2 2 2.2 0.2 1.6 1.2 1 1.6 0.8 1.4 1 2.2 0.6 0.8 0.4 1.6 1.6 1 1.2 0.4 0.4 0.4 0.2 0.2 1.2 1 1.2 2 0.6 0.2 1.8 1.6 0.4 1.4 0.8 1 0 0 0 0 0 0 0 0 0 0 0 0 0 0 0 0 0 0 0 0 0 0 0 0 0 0 0 0 0 0 0 0 0 0 0 0 0 0 0 0 0 0 0 0 0 0 0 0 0 0 0 0 0 0 0 0 0 0 0 0 0 0 0 0 0 0 0 0 0 0 0 0 0 0 0 0 0 0 0 0 0 0 0 0 0 0 0 0 0 0 0 0 0 0 0 0 0 0 0 0 0 0 0 0 0 0 0 0 0 0 0 0 0 0 0 0 0 0 0 0 0 0 0 0 0 0 0 0 0 0 0 0 0 0 0 
0 2.03246 2.07728 1.05017 1.61049 0.81656 0.925397 0.570698 1.98171 0.743425 1.65684 1.48997 0.255704 0.944783 1.66418 1.08745 1.00049 0.399791 0.523431 2.00015 1.84272 1.30157 1.3942 0.786912 0.54117 0.0158964 0.590417 0.504085 1.87821 1.10682 1.99705 1.36523 0.162072 0.987425 1.95866 0.756084 1.76299 0.994783 2.19825 1.19845 1.59875 1.6 1.59945 1.79968 1.39997 0.799916 0.399966 0.599942 1.59997 0.599996 1.4 0.199997 1.8 1.2 0.599999 1 1.4 2 1.2 0.8 0.4 1.6 0.6 1 1.4 1.8 2.2 0.8 1.6 1 0.6 0.6 2.2 1.8 2.2 1.2 0.8 1.8 0.8 0.8 0.2 1 1.4 1.8 1.6 0.4 1.4 0.8 1 0 0 0 0 0 0 0 0 0 0 0 0 0 0 0 0 0 0 0 0 0 0 0 0 0 0 0 0 0 0 0 0 0 0 0 0 0 0 0 0 0 0 0 0 0 0 0 0 0 0 0 0 0 0 0 0 0 0 0 0 0 0 0 0 0 0 0 0 0 0 0 0 0 0 0 0 0 0 0 0 0 0 0 0 0 0 0 0 0 0 0 0 0 0 0 0 0 0 0 0 0 0 0 0 0 0 0 0 0 0 0 0 0 0 0 0 0 0 0 0 0 0 0 0 0 0 0 0 0 0 0 0 0 
0 0.981747 1.37045 1.73546 1.68382 1.09079 1.73073 0.30909 1.60933 0.647617 0.516454 0.116454 0.944783 1.85163 1.82087 0.574147 0.574814 1.43254 0.515395 1.25618 1.45391 1.4168 0.517466 1.16512 1.27276 1.00009 1.50135 1.00182 1.79577 2.16474 0.84946 1.5952 0.539308 0.305001 1.74249 0.730584 0.793335 0.181769 1.18479 2.19362 1.99912 1.59939 0.799399 1.59961 1.1992 0.799732 0.599772 0.399931 1.3999 1.59995 1.99997 1.99999 2 2.2 0.399997 0.399999 1.8 0.999999 2 1.4 0.6 0.2 0.8 0.4 0.4 1.2 1.6 0.2 0.6 0.2 0.4 0.4 2 0.6 2.2 0.2 1.6 2.2 1.2 1.4 0.6 1.2 1.8 0.6 0 1 0.6 0.4 1.4 0.8 1 0 0 0 0 0 0 0 0 0 0 0 0 0 0 0 0 0 0 0 0 0 0 0 0 0 0 0 0 0 0 0 0 0 0 0 0 0 0 0 0 0 0 0 0 0 0 0 0 0 0 0 0 0 0 0 0 0 0 0 0 0 0 0 0 0 0 0 0 0 0 0 0 0 0 0 0 0 0 0 0 0 0 0 0 0 0 0 0 0 0 0 0 0 0 0 0 0 0 0 0 0 0 0 0 0 0 0 0 0 0 0 0 0 0 0 0 0 0 0 0 0 0 0 0 0 0 0 0 0 0 0 
0 0.821078 1.65803 0.291657 1.89365 0.762697 2.17007 0.365302 2.03695 1.25661 1.29827 0.146335 1.66418 1.82087 1.91812 1.53589 1.94253 1.85818 0.501974 1.84136 0.695536 0.817858 0.946782 1.88929 0.368223 1.92913 0.102629 0.670384 0.517433 0.504025 0.303508 1.19604 1.10248 1.10316 0.113724 1.74275 0.911519 1.75983 1.38566 1.39447 1.79967 0.993678 1.79627 1.19792 1.19906 0.199501 1.19991 1.79968 0.999902 2.19995 0.399977 1.59999 0.799988 1.79999 2.2 0.399999 0.4 1.4 1.8 0.4 1.6 2 0.8 1.4 1.2 0.4 2 1.2 1.2 1.2 2 0.8 1.6 0.2 0.8 1 1 0.6 1.6 0.4 0.2 2 1.2 0.2 1.6 2 1.2 1.6 2 0.6 0.4 0.8 1 0 0 0 0 0 0 0 0 0 0 0 0 0 0 0 0 0 0 0 0 0 0 0 0 0 0 0 0 0 0 0 0 0 0 0 0 0 0 0 0 0 0 0 0 0 0 0 0 0 0 0 0 0 0 0 0 0 0 0 0 0 0 0 0 0 0 0 0 0 0 0 0 0 0 0 0 0 0 0 0 0 0 0 0 0 0 0 0 0 0 0 0 0 0 0 0 0 0 0 0 0 0 0 0 0 0 0 0 0 0 0 0 0 0 0 0 0 0 0 0 0 0 0 0 0 0 0 0 0 
0 1.07138 0.914638 1.48887 2.04734 1.16846 1.08985 2.11927 1.44376 2.12885 0.883224 0.535381 1.08745 0.574147 1.53589 2.10425 1.55216 0.776268 1.5635 1.79925 1.35794 0.598931 0.0976561 1.71736 1.57353 1.6246 1.89372 1.66959 1.64069 1.99082 0.364649 0.90808 0.938026 1.45299 0.82514 1.96213 1.13906 1.70612 2.16438 0.19959 1.99391 0.393905 2.19418 0.998148 1.99814 0.798859 0.799025 1.39985 0.599913 1.1999 0.599971 1.39994 1.39996 1.2 1.19999 0.799993 0.199998 0.799999 1.2 1.4 1.6 0.6 1.4 2 1.6 2 1.6 1.4 0.2 0.8 0.4 0.8 1.4 0.2 0.2 0.4 0.6 2 2 1 0.6 0.6 1.8 1.2 2 1.8 1.4 0.8 0.6 0.2 1.2 1.8 1.6 2 0 0 0 0 0 0 0 0 0 0 0 0 0 0 0 0 0 0 0 0 0 0 0 0 0 0 0 0 0 0 0 0 0 0 0 0 0 0 0 0 0 0 0 0 0 0 0 0 0 0 0 0 0 0 0 0 0 0 0 0 0 0 0 0 0 0 0 0 0 0 0 0 0 0 0 0 0 0 0 0 0 0 0 0 0 0 0 0 0 0 0 0 0 0 0 0 0 0 0 0 0 0 0 0 0 0 0 0 0 0 0 0 0 0 0 0 0 0 0 0 0 0 0 0 0 0 0 0 
0 0.140292 1.94234 2.17476 1.18206 0.0252694 1.94123 0.0915998 1.87939 0.381552 0.205609 1.04162 1.00049 0.574814 1.94253 1.55216 1.4179 1.9174 1.40987 1.19925 0.643569 1.49447 1.43008 0.0757437 0.0165251 0.923971 1.4969 0.41587 1.80635 2.11857 1.22265 0.0806723 2.05282 0.682854 0.988981 0.994927 0.301875 0.987339 0.93059 0.964974 2.19274 1.98734 1.18765 0.391598 0.995323 1.39598 0.998743 1.99943 0.799874 0.799886 0.19988 0.59991 1.59996 0.999956 0.999971 1.59999 2 1.2 2 2 1.2 1.6 0.8 2.2 1.6 1.4 0.2 2 1 0.4 1.8 1.8 1.6 1.4 1.2 0.4 0.8 0.4 1.2 2.2 0.8 1.8 0.2 0.4 1.8 0.4 2.2 1.6 1.4 0.8 2.2 2.2 1.8 0 0.6 2 0 0 0 0 0 0 0 0 0 0 0 0 0 0 0 0 0 0 0 0 0 0 0 0 0 0 0 0 0 0 0 0 0 0 0 0 0 0 0 0 0 0 0 0 0 0 0 0 0 0 0 0 0 0 0 0 0 0 0 0 0 0 0 0 0 0 0 0 0 0 0 0 0 0 0 0 0 0 0 0 0 0 0 0 0 0 0 0 0 0 0 0 0 0 0 0 0 0 0 0 0 0 0 0 0 0 0 0 0 0 0 0 0 0 0 0 0 0 0 0 0 0 0 0 0 0 
0 0.957288 0.752478 2.04237 1.12293 0.961859 1.18564 2.15449 2.05755 1.52095 1.96639 0.984613 0.399791 1.43254 1.85818 0.776268 1.9174 0.552805 1.9919 2.1688 1.92641 0.0644164 1.32697 0.974724 0.27188 0.62459 0.745849 0.152318 0.487834 1.86681 1.28538 0.371496 0.645831 1.68027 1.50586 1.79287 0.196968 1.08246 0.702104 0.959805 1.99026 0.782005 1.99906 0.599559 1.79647 1.39455 0.99592 1.99911 1.39942 1.59927 0.199622 1.79977 0.799874 1.19999 0.999971 1.99998 0.999989 1.19999 0.2 1 1.2 0.199999 2.2 0.8 1 1.6 0.8 1.8 0.6 0.2 1.4 0.2 1.8 1 2.2 0.2 1 0.8 1.8 0.8 2 1.8 0.4 0.6 0.6 1.6 1.8 2.2 0.2 2 0.2 2 0.8 2 0 1.2 1.8 1 0 0 0 0 0 0 0 0 0 0 0 0 0 0 0 0 0 0 0 0 0 0 0 0 0 0 0 0 0 0 0 0 0 0 0 0 0 0 0 0 0 0 0 0 0 0 0 0 0 0 0 0 0 0 0 0 0 0 0 0 0 0 0 0 0 0 0 0 0 0 0 0 0 0 0 0 0 0 0 0 0 0 0 0 0 0 0 0 0 0 0 0 0 0 0 0 0 0 0 0 0 0 0 0 0 0 0 0 0 0 0 0 0 0 0 0 0 0 0 0 0 0 0 0 
0 1.18792 1.88144 1.14049 1.16499 0.124425 1.749 1.62473 0.301934 0.078701 0.182773 1.66393 0.523431 0.515395 0.501974 1.5635 1.40987 1.9919 1.16823 1.91094 1.33169 1.42932 1.62762 0.230471 1.64203 1.27808 2.14097 1.02525 0.240054 1.98618 0.0496963 1.57069 0.337952 0.22805 0.68402 0.303152 1.64594 0.2765 0.279937 2.18458 0.150989 0.950172 1.97341 0.787089 1.59962 1.79674 0.994795 0.196269 1.59965 0.999308 1.99951 0.199842 0.199826 1.59987 0.199873 2.19994 0.399996 0.199996 1.8 1.8 1.2 0.599998 0.2 1.8 0.4 1.8 0.8 0.2 1 0.6 0.8 2 1.8 2.2 1.2 0.2 0.2 2 1.6 1.4 2 0.2 0.8 0.6 1.2 1.6 1.4 0.4 0.8 0.4 0.2 0.4 1.8 0.8 1.2 0.6 0.4 1.4 0.8 1 0 0 0 0 0 0 0 0 0 0 0 0 0 0 0 0 0 0 0 0 0 0 0 0 0 0 0 0 0 0 0 0 0 0 0 0 0 0 0 0 0 0 0 0 0 0 0 0 0 0 0 0 0 0 0 0 0 0 0 0 0 0 0 0 0 0 0 0 0 0 0 0 0 0 0 0 0 0 0 0 0 0 0 0 0 0 0 0 0 0 0 0 0 0 0 0 0 0 0 0 0 0 0 0 0 0 0 0 0 0 0 0 0 0 0 0 0 0 0 0 0 0 
0 2.19615 0.79372 0.197109 0.28133 1.2303 2.04912 1.09544 0.582453 0.00312792 1.62569 0.234095 2.00015 1.25618 1.84136 1.79925 1.19925 2.1688 1.91094 0.445719 0.782915 0.218517 1.15416 1.30135 2.18245 1.06373 0.351753 2.00292 0.618399 1.59306 1.91958 1.84134 1.91378 0.0803304 1.24487 0.425723 1.90773 2.13345 0.36745 0.27342 0.133623 1.97884 1.9447 1.17379 1.59365 1.78746 1.19595 0.99445 1.7957 1.99909 1.59883 2.19913 2.19945 1.79963 0.999875 1.79994 0.799968 1.19997 1.4 1.19999 1.19999 1.4 0.999997 0.6 2 1.8 2 1.6 1.6 0.8 0.2 1.8 2.2 1 0.4 2 1.8 0.6 1 1.6 0.4 0.6 1 2.2 1.4 1.2 0.6 1 0.8 2 0.8 0.8 1 0.8 0.6 0.2 0.4 0.2 1.8 1.6 2 0 0 0 0 0 0 0 0 0 0 0 0 0 0 0 0 0 0 0 0 0 0 0 0 0 0 0 0 0 0 0 0 0 0 0 0 0 0 0 0 0 0 0 0 0 0 0 0 0 0 0 0 0 0 0 0 0 0 0 0 0 0 0 0 0 0 0 0 0 0 0 0 0 0 0 0 0 0 0 0 0 0 0 0 0 0 0 0 0 0 0 0 0 0 0 0 0 0 0 0 0 0 0 0 0 0 0 0 0 0 0 0 0 0 0 0 0 0 0 0 0 
0 0.798272 0.165324 0.47973 1.79485 0.620866 1.1405 1.95915 1.87925 0.521145 0.541725 1.03655 1.84272 1.45391 0.695536 1.35794 0.643569 1.92641 1.33169 0.782915 0.662825 1.61651 0.329626 0.46124 0.218778 1.22853 1.83009 2.11448 0.744026 2.08102 0.211807 1.28202 1.51728 0.310037 0.191447 0.221036 0.997707 1.59473 1.73416 2.10554 2.07459 2.19025 2.13118 0.773728 2.15864 2.18706 1.59107 0.391609 1.59501 1.19565 1.59871 0.599985 0.999589 1.5995 0.399598 0.799902 0.199999 0.799982 1.39996 1.59997 1.6 0.999996 2.19999 0.2 1.8 0.6 1.8 2 0.2 0.4 2.2 2 0.8 1.6 0.8 1.4 1.6 2 2.2 0.4 1.2 1.2 1.2 1.6 1.4 0.2 1.6 0.8 1 2 0.4 1.6 1.8 1.2 2.2 0.8 0.8 0.4 0.6 2 1.2 1.8 1 0 0 0 0 0 0 0 0 0 0 0 0 0 0 0 0 0 0 0 0 0 0 0 0 0 0 0 0 0 0 0 0 0 0 0 0 0 0 0 0 0 0 0 0 0 0 0 0 0 0 0 0 0 0 0 0 0 0 0 0 0 0 0 0 0 0 0 0 0 0 0 0 0 0 0 0 0 0 0 0 0 0 0 0 0 0 0 0 0 0 0 0 0 0 0 0 0 0 0 0 0 0 0 0 0 0 0 0 0 0 0 0 0 0 0 0 0 0 0 
0 1.79957 0.399562 0.957192 0.410508 1.06763 1.13472 0.516654 1.76011 2.14433 1.57098 1.63619 1.30157 1.4168 0.817858 0.598931 1.49447 0.0644164 1.42932 0.218517 1.61651 1.17578 0.881274 0.266875 1.04971 0.0285332 0.80814 0.0537301 0.421821 1.91708 1.69518 2.03977 1.63253 0.732238 1.88216 0.395631 1.50606 1.16607 0.248979 1.82343 2.08201 1.07715 1.73602 2.19646 0.559012 2.17601 1.79675 2.19593 1.59422 0.594812 1.79589 0.398759 1.99988 0.399595 0.79951 0.99963 1.59996 1.59993 2.19995 0.599985 0.599979 1.8 1.2 1 1.8 0.6 1.6 0.599999 1.4 0.8 0.4 0.4 0.2 0.4 1 0.2 2.2 2.2 1.6 1.8 0.6 2.2 1.2 0.4 2 2.2 0.6 0.8 2 1.4 1.4 2.2 1.8 2 1.2 1.6 0.6 0.4 1.4 0.4 1.8 1.6 0.4 0.8 1 0 0 0 0 0 0 0 0 0 0 0 0 0 0 0 0 0 0 0 0 0 0 0 0 0 0 0 0 0 0 0 0 0 0 0 0 0 0 0 0 0 0 0 0 0 0 0 0 0 0 0 0 0 0 0 0 0 0 0 0 0 0 0 0 0 0 0 0 0 0 0 0 0 0 0 0 0 0 0 0 0 0 0 0 0 0 0 0 0 0 0 0 0 0 0 0 0 0 0 0 0 0 0 0 0 0 0 0 0 0 0 0 0 0 0 0 0 
0 1.59957 1.79479 1.15408 0.110037 1.17765 2.1611 1.8516 0.0372989 1.42186 1.63523 1.10928 1.3942 0.517466 0.946782 0.0976561 1.43008 1.32697 1.62762 1.15416 0.329626 0.881274 0.0612406 2.13918 1.47541 0.438545 1.35728 2.11152 1.3604 1.18878 2.13995 0.323944 1.99776 1.19106 0.420678 0.883642 1.50222 1.24732 1.27426 1.90517 1.70235 0.765483 1.87766 1.95352 1.57964 0.992831 0.396694 0.593339 0.787971 1.39451 1.59478 0.396808 0.999055 0.799956 1.59957 1.59945 1.39956 1.9999 0.999885 1.39991 0.799956 1.19996 1.8 1.99999 0.999997 1.4 1.6 0.6 0.599999 1 2 1.6 1.6 1.4 0.8 0.6 0.2 1.4 0.4 0.8 2.2 1.8 0.4 1.4 1.2 1.6 2.2 0.8 2 0.4 1.4 0.6 2 2.2 1.2 2 2 1.4 0.8 1 0.4 2.2 0.6 2 0.6 2 0 0 0 0 0 0 0 0 0 0 0 0 0 0 0 0 0 0 0 0 0 0 0 0 0 0 0 0 0 0 0 0 0 0 0 0 0 0 0 0 0 0 0 0 0 0 0 0 0 0 0 0 0 0 0 0 0 0 0 0 0 0 0 0 0 0 0 0 0 0 0 0 0 0 0 0 0 0 0 0 0 0 0 0 0 0 0 0 0 0 0 0 0 0 0 0 0 0 0 0 0 0 0 0 0 0 0 0 0 0 0 0 0 0 0 0 
0 1.39985 1.19772 0.58446 1.56429 0.597299 1.98396 2.01846 0.0732817 2.06306 0.693188 1.99569 0.786912 1.16512 1.88929 1.71736 0.0757437 0.974724 0.230471 1.30135 0.46124 0.266875 2.13918 2.01128 1.93828 1.01701 1.73503 1.31231 1.17391 1.96915 0.560934 1.10458 0.740542 1.28984 1.44444 0.940059 1.47422 2.1096 0.447856 0.766535 0.305987 1.16174 1.68309 2.18706 0.570032 0.161902 0.785069 1.78703 0.989961 2.19334 0.198424 1.39707 1.99649 0.799596 0.398769 1.19965 1.39945 1.79968 0.799879 0.599997 0.799959 1.99995 0.199959 0.199987 1.2 0.999997 0.399996 1.6 1.4 0.399999 0.199999 0.8 1 2 1.4 0.4 0.2 0.4 2.2 0.4 0.8 1.2 0.2 1.8 2 0.8 1.4 0.6 1.4 1.6 1.2 1.6 0.4 0.4 0.8 1.4 1.6 1 0.2 0.2 2 1.6 2 0.4 0.2 0.2 1.8 1 0 0 0 0 0 0 0 0 0 0 0 0 0 0 0 0 0 0 0 0 0 0 0 0 0 0 0 0 0 0 0 0 0 0 0 0 0 0 0 0 0 0 0 0 0 0 0 0 0 0 0 0 0 0 0 0 0 0 0 0 0 0 0 0 0 0 0 0 0 0 0 0 0 0 0 0 0 0 0 0 0 0 0 0 0 0 0 0 0 0 0 0 0 0 0 0 0 0 0 0 0 0 0 0 0 0 0 0 0 0 0 0 0 0 
0 0.399999 1.19953 1.79981 1.17082 1.14306 0.47176 0.784888 1.16318 1.50582 1.44532 0.818733 0.54117 1.27276 0.368223 1.57353 0.0165251 0.27188 1.64203 2.18245 0.218778 1.04971 1.47541 1.93828 1.44801 1.72634 0.868206 0.454603 0.299211 1.37657 0.340703 0.0184627 0.500384 1.86616 1.23237 0.0457946 0.708397 0.850899 0.709944 1.56134 1.88215 0.734418 1.56748 1.12768 1.19016 0.384554 1.14565 2.1731 2.19362 2.18827 0.999538 1.19595 0.996838 2.19786 0.999047 0.199277 1.79925 0.999533 0.399564 0.399871 0.399993 1.99996 0.79995 1.39996 0.399996 0.599994 1.79999 2 1.4 0.6 2 2 0.4 1.6 1.4 2.2 2.2 2 1.6 0.2 0.2 1.4 0.4 1.8 1 1.4 1.2 2.2 0.8 2.2 1.2 0.8 0.2 0.6 0.2 1.8 0.8 1.2 1.6 1.6 1.6 2.2 1.6 2.2 0.8 1.4 0.8 1.6 2 0 0 0 0 0 0 0 0 0 0 0 0 0 0 0 0 0 0 0 0 0 0 0 0 0 0 0 0 0 0 0 0 0 0 0 0 0 0 0 0 0 0 0 0 0 0 0 0 0 0 0 0 0 0 0 0 0 0 0 0 0 0 0 0 0 0 0 0 0 0 0 0 0 0 0 0 0 0 0 0 0 0 0 0 0 0 0 0 0 0 0 0 0 0 0 0 0 0 0 0 0 0 0 0 0 0 0 0 0 0 0 0 0 
0 0.799942 2.19954 1.79652 1.79839 0.565562 2.12768 0.912559 0.874393 1.2839 0.456085 1.1286 0.0158964 1.00009 1.92913 1.6246 0.923971 0.62459 1.27808 1.06373 1.22853 0.0285332 0.438545 1.01701 1.72634 2.1292 1.41882 2.17401 1.5655 1.16611 0.477656 0.658568 2.1911 1.34033 1.50379 0.559613 1.16063 2.02192 1.25363 0.27402 1.30316 1.35716 0.876833 2.16157 1.04237 2.18794 1.79366 0.767476 0.764909 0.38458 1.79965 0.993106 1.19905 0.596748 0.398174 0.799933 0.599899 0.19951 1.59951 2.19961 2.19987 1.39999 0.599963 1.19994 0.799956 0.19999 1.39999 1.39999 2.19999 1.4 1.4 0.199999 1.4 2 2.2 1.6 1 1.6 0.6 1.6 0.6 1.6 1 0.8 0.8 2.2 1 2.2 0.6 2.2 1.2 2 0.8 1 2.2 2 1.6 2.2 1.4 1.8 1.8 1.2 1 1.2 0.4 1.8 0.2 1.2 0.2 1.8 1 0 0 0 0 0 0 0 0 0 0 0 0 0 0 0 0 0 0 0 0 0 0 0 0 0 0 0 0 0 0 0 0 0 0 0 0 0 0 0 0 0 0 0 0 0 0 0 0 0 0 0 0 0 0 0 0 0 0 0 0 0 0 0 0 0 0 0 0 0 0 0 0 0 0 0 0 0 0 0 0 0 0 0 0 0 0 0 0 0 0 0 0 0 0 0 0 0 0 0 0 0 0 0 0 0 0 0 0 0 0 0 
0 1.59998 0.599826 2.19768 1.79654 0.79519 1.96493 0.334505 0.135012 0.1906 1.68121 1.39523 0.590417 1.50135 0.102629 1.89372 1.4969 0.745849 2.14097 0.351753 1.83009 0.80814 1.35728 1.73503 0.868206 1.41882 1.89932 0.944662 1.47365 1.88442 0.611128 2.05857 0.954166 0.797429 0.773486 0.91825 0.126312 1.91805 0.0267768 0.913303 0.542057 0.108075 1.93411 0.159754 1.93081 1.27336 2.15986 1.32823 1.79106 0.596637 1.79061 2.18539 2.19534 0.798225 1.19967 0.398485 1.19968 0.199049 1.79982 0.599817 1.39957 2.19994 1.39988 0.599965 0.599939 1.39996 1.99999 2 1.8 0.399994 0.599996 0.199999 2 0.8 2 0.6 2.2 2 1.4 0.2 1.4 0.4 1.2 1.2 1.8 0.2 1.8 2 1.2 0.4 0.8 1.6 0.2 2 0.2 1 0.2 0.6 1.4 0.6 0.4 2 1.6 1.4 0.2 2 1.2 0.8 1.4 0.8 1.6 2 0 0 0 0 0 0 0 0 0 0 0 0 0 0 0 0 0 0 0 0 0 0 0 0 0 0 0 0 0 0 0 0 0 0 0 0 0 0 0 0 0 0 0 0 0 0 0 0 0 0 0 0 0 0 0 0 0 0 0 0 0 0 0 0 0 0 0 0 0 0 0 0 0 0 0 0 0 0 0 0 0 0 0 0 0 0 0 0 0 0 0 0 0 0 0 0 0 0 0 0 0 0 0 0 0 0 0 0 0 0 
0 0.199999 1.79998 0.799044 0.993686 0.588341 2.18811 1.17061 0.560117 0.0843642 0.0781576 0.447381 0.504085 1.00182 0.670384 1.66959 0.41587 0.152318 1.02525 2.00292 2.11448 0.0537301 2.11152 1.31231 0.454603 2.17401 0.944662 0.677072 1.87776 0.797405 0.656025 0.676991 1.77867 1.45167 1.1599 0.139092 1.39917 1.24485 0.911212 0.36184 1.79332 0.760563 0.534779 0.533932 1.47718 1.07448 0.470666 0.179152 1.34127 0.978853 1.98436 1.9959 0.399416 1.59624 0.995894 1.19842 2.19873 1.39934 0.199559 1.39934 1.99973 1.39968 1.19999 0.199905 0.199933 2.19994 1.59997 0.599985 1.4 1.4 1.39999 0.799996 0.799999 2.2 0.4 0.4 0.4 0.8 0.4 1.6 1.8 0.4 1.6 0.8 1 1.8 2 0.2 2.2 1.6 2 2.2 0.4 1.6 1.8 1.8 1 0.6 2 1.6 2.2 2.2 0.8 0.4 2 0.8 0.4 1 1 1.4 0.2 0.2 1.8 1 0 0 0 0 0 0 0 0 0 0 0 0 0 0 0 0 0 0 0 0 0 0 0 0 0 0 0 0 0 0 0 0 0 0 0 0 0 0 0 0 0 0 0 0 0 0 0 0 0 0 0 0 0 0 0 0 0 0 0 0 0 0 0 0 0 0 0 0 0 0 0 0 0 0 0 0 0 0 0 0 0 0 0 0 0 0 0 0 0 0 0 0 0 0 0 0 0 0 0 0 0 0 0 0 0 0 0 0 
0 0.399996 1.79993 2.19995 1.19823 1.19385 1.96945 2.15975 0.362366 1.27588 0.156158 1.0502 1.87821 1.79577 0.517433 1.64069 1.80635 0.487834 0.240054 0.618399 0.744026 0.421821 1.3604 1.17391 0.299211 1.5655 1.47365 1.87776 1.45238 0.795998 0.9792 1.20054 1.73116 0.718921 1.02169 0.510929 0.370657 0.0150273 0.531096 1.30463 0.70837 1.92775 1.66799 1.1324 0.708646 2.07055 1.13343 0.753327 0.34502 1.76147 0.564921 0.384293 1.78748 1.79567 1.39811 1.79535 0.797344 1.39933 1.79905 0.598822 2.1996 1.99956 0.599822 0.199936 1.79997 0.799936 1.79995 2.19997 1.19999 1.4 1.4 1.39999 1.8 0.799999 0.4 0.8 2 1.6 1.8 0.2 1.2 1.6 2.2 1.8 2.2 0.4 1.6 0.8 0.8 0.2 0.6 0.4 2 1.8 0.6 1.6 2 2.2 2 0.8 1.4 0.4 2.2 0.8 1.6 1.8 1.6 2 0.2 0.8 2.2 1.6 2 0.6 2 0 0 0 0 0 0 0 0 0 0 0 0 0 0 0 0 0 0 0 0 0 0 0 0 0 0 0 0 0 0 0 0 0 0 0 0 0 0 0 0 0 0 0 0 0 0 0 0 0 0 0 0 0 0 0 0 0 0 0 0 0 0 0 0 0 0 0 0 0 0 0 0 0 0 0 0 0 0 0 0 0 0 0 0 0 0 0 0 0 0 0 0 0 0 0 0 0 0 0 0 0 0 0 0 0 0 0 
0 1.2 1.79996 0.799913 0.998702 2.19938 0.98937 2.19661 0.334311 0.788483 0.225447 0.186659 1.10682 2.16474 0.504025 1.99082 2.11857 1.86681 1.98618 1.59306 2.08102 1.91708 1.18878 1.96915 1.37657 1.16611 1.88442 0.797405 0.795998 0.0843478 1.55061 0.468797 0.282592 0.172315 1.33713 0.998889 0.746491 1.39961 1.05485 0.623839 1.10582 1.71128 1.78949 1.10656 1.16262 1.44248 0.642245 2.18797 0.950187 2.1598 0.390213 0.190242 1.79621 1.19044 0.592741 1.39842 0.595838 0.995952 0.198395 0.998828 1.79968 0.599447 1.59967 0.399816 0.19988 0.999931 0.599947 0.999948 1.39996 1.19999 1.8 1.4 2.19999 2 0.6 1.6 1.8 1.8 0.8 1.2 0.2 1.4 0.4 2 1 1.2 1.8 1 1.2 1.6 2 0.6 1.2 1.4 0.2 0.4 2.2 2 1.4 2.2 2 1.4 1.6 0.4 2 0.8 0.4 0.4 1.2 1.8 0.2 0.6 1.8 0.4 1.4 0.8 1 0 0 0 0 0 0 0 0 0 0 0 0 0 0 0 0 0 0 0 0 0 0 0 0 0 0 0 0 0 0 0 0 0 0 0 0 0 0 0 0 0 0 0 0 0 0 0 0 0 0 0 0 0 0 0 0 0 0 0 0 0 0 0 0 0 0 0 0 0 0 0 0 0 0 0 0 0 0 0 0 0 0 0 0 0 0 0 0 0 0 0 0 0 0 0 0 0 0 0 0 0 0 0 0 0 
0 1 1.39999 0.799921 1.79983 1.79782 1.99664 0.19851 1.9567 0.380075 0.666072 0.906082 1.99705 0.84946 0.303508 0.364649 1.22265 1.28538 0.0496963 1.91958 0.211807 1.69518 2.13995 0.560934 0.340703 0.477656 0.611128 0.656025 0.9792 1.55061 0.0693358 1.90588 0.448379 1.40536 0.819614 1.9308 1.43463 1.70591 1.0302 1.67652 1.79029 1.70494 1.10446 0.564355 0.132394 1.95677 0.271177 0.525212 1.93052 1.39016 1.77885 1.77375 1.98513 1.99356 0.993903 1.19073 0.597095 0.195866 1.99732 1.79871 1.99985 0.599416 2.19977 2.19993 0.79985 0.999988 0.399902 1.39998 1.99998 1.59997 1.79999 0.999999 0.799996 2.19999 1.6 1.8 0.799999 1.6 1.4 1.8 1 1.6 0.4 0.6 2.2 0.4 1.6 1.2 1.8 1.2 0.2 0.4 1.6 2.2 0.2 2.2 1.8 2 2 1.6 1 1.6 2.2 2.2 1.4 1.2 1 1 1.4 1.4 1.6 1.2 2 1.8 2 0 0.6 2 0 0 0 0 0 0 0 0 0 0 0 0 0 0 0 0 0 0 0 0 0 0 0 0 0 0 0 0 0 0 0 0 0 0 0 0 0 0 0 0 0 0 0 0 0 0 0 0 0 0 0 0 0 0 0 0 0 0 0 0 0 0 0 0 0 0 0 0 0 0 0 0 0 0 0 0 0 0 0 0 0 0 0 0 0 0 0 0 0 0 0 0 0 0 0 0 0 0 0 0 0 0 0 0 
0 1.4 1.99999 1.79998 1.79994 0.799228 1.59803 1.59547 1.57232 0.176537 0.108047 0.514097 1.36523 1.5952 1.19604 0.90808 0.0806723 0.371496 1.57069 1.84134 1.28202 2.03977 0.323944 1.10458 0.0184627 0.658568 2.05857 0.676991 1.20054 0.468797 1.90588 1.25128 2.17754 1.00875 0.62785 0.705322 2.04561 0.705907 1.41851 1.338 1.82899 1.79287 2.13055 1.95814 0.651766 2.13956 2.10186 2.07365 0.589963 1.34196 0.759224 0.390813 1.37896 2.18834 1.18742 1.79331 0.395076 0.999314 1.1988 0.598736 0.999112 0.199584 0.399589 1.99965 1.59994 0.599877 0.199934 0.799963 1.19993 0.39997 1.99997 0.399996 0.999987 0.599996 1.99999 1.8 0.399999 2.2 0.6 0.599999 2 1.6 0.8 0.6 0.4 0.4 0.2 0.2 1.4 1.6 2.2 0.6 1.8 1.4 1.8 0.6 1 0.6 0.2 1.6 1.2 0.4 1.6 1 1.4 0.2 0.6 0.2 0.4 1.4 0.2 1.6 1.8 2 0.6 1.2 0.6 0.4 0.8 1 0 0 0 0 0 0 0 0 0 0 0 0 0 0 0 0 0 0 0 0 0 0 0 0 0 0 0 0 0 0 0 0 0 0 0 0 0 0 0 0 0 0 0 0 0 0 0 0 0 0 0 0 0 0 0 0 0 0 0 0 0 0 0 0 0 0 0 0 0 0 0 0 0 0 0 0 0 0 0 0 0 0 0 0 0 0 0 0 0 0 0 0 0 0 0 0 0 0 0 0 0 0 
0 2 0.799995 1.6 1.19988 0.799769 0.197916 1.59937 0.591036 1.59931 0.767814 0.139108 0.162072 0.539308 1.10248 0.938026 2.05282 0.645831 0.337952 1.91378 1.51728 1.63253 1.99776 0.740542 0.500384 2.1911 0.954166 1.77867 1.73116 0.282592 0.448379 2.17754 0.688758 2.00308 0.51227 2.07846 1.70345 1.99973 1.87595 0.800204 1.27243 1.87944 1.99578 0.454843 2.15804 2.1332 1.53144 2.13883 1.76469 1.13362 0.392791 1.59049 1.96804 0.393055 1.59056 1.79331 1.99286 0.195952 0.396983 0.397344 1.39874 1.19958 1.59931 0.999445 1.19954 1.79979 0.599897 2.19987 2.19987 0.399968 1.39996 1.99998 2.19999 1.59999 1.99999 1.59999 1.4 1.6 1.2 1.2 2 1.8 0.8 1.2 1 2.2 0.6 1.2 0.6 1.4 1 1.4 0.6 0.8 1.8 1.2 2 1.4 1.2 0.2 0.2 1 1.8 2.2 0.4 1 2.2 2 2 1 0.4 2 2 0.8 1.6 1.2 1.4 1.2 1.2 1.8 1 0 0 0 0 0 0 0 0 0 0 0 0 0 0 0 0 0 0 0 0 0 0 0 0 0 0 0 0 0 0 0 0 0 0 0 0 0 0 0 0 0 0 0 0 0 0 0 0 0 0 0 0 0 0 0 0 0 0 0 0 0 0 0 0 0 0 0 0 0 0 0 0 0 0 0 0 0 0 0 0 0 0 0 0 0 0 0 0 0 0 0 0 0 0 0 0 0 0 0 0 0 
0 1.8 2.2 1.59999 2.19998 2.19998 1.39957 1.59983 0.597827 1.58635 1.96585 0.945304 0.987425 0.305001 1.10316 1.45299 0.682854 1.68027 0.22805 0.0803304 0.310037 0.732238 1.19106 1.28984 1.86616 1.34033 0.797429 1.45167 0.718921 0.172315 1.40536 1.00875 2.00308 0.625763 1.93815 1.94276 1.91379 0.399426 0.146962 1.31125 1.18795 1.79419 1.16183 0.825109 1.52829 1.10594 1.868 0.674312 1.12819 2.06766 1.13866 0.35833 1.1814 1.17953 1.98823 1.38717 1.19596 1.59103 0.597342 0.995611 1.39707 2.19842 2.19981 1.19911 1.39959 0.999703 1.79965 1.99993 0.799997 0.599939 0.399993 2.19996 1.19998 0.999996 1.8 2 0.799995 1.8 0.199999 2.2 0.4 2 0.4 1.4 1.6 1.2 0.8 0.4 0.6 1.6 1.8 1.4 0.4 0.6 2 1.8 0.6 1 1.4 1 0.4 2 1.6 2 0.6 1.6 1.6 1.4 1.8 0.2 1.6 1.8 1.6 0.4 0.2 0.8 1.6 0.4 0.6 2 0.6 2 0 0 0 0 0 0 0 0 0 0 0 0 0 0 0 0 0 0 0 0 0 0 0 0 0 0 0 0 0 0 0 0 0 0 0 0 0 0 0 0 0 0 0 0 0 0 0 0 0 0 0 0 0 0 0 0 0 0 0 0 0 0 0 0 0 0 0 0 0 0 0 0 0 0 0 0 0 0 0 0 0 0 0 0 0 0 0 0 0 0 0 0 0 0 0 0 0 0 0 0 
0 1.8 1.2 1.4 0.599985 1.1999 0.399488 1.99869 1.19535 0.396529 2.19942 1.78572 1.95866 1.74249 0.113724 0.82514 0.988981 1.50586 0.68402 1.24487 0.191447 1.88216 0.420678 1.44444 1.23237 1.50379 0.773486 1.1599 1.02169 1.33713 0.819614 0.62785 0.51227 1.93815 0.105506 0.649165 0.47455 1.04071 0.447149 0.189829 2.08464 1.13499 1.38847 0.307892 0.873738 1.24966 0.161795 0.984583 0.702444 0.676234 1.89881 1.99592 1.77939 1.77697 2.18435 0.393396 1.19652 1.1996 0.395391 1.79928 0.999595 0.199049 0.399368 1.39854 1.39942 1.99954 1.79957 0.999789 2.19997 0.799966 1.79995 1.19998 0.999987 0.399994 2.19999 0.599987 0.999995 1.99999 1.6 0.199998 0.199999 1.4 0.399999 1 2.2 0.6 1.6 0.6 2 1.6 1.4 1.2 0.6 1 1 1.4 1 1 2 2.2 0.6 2.2 2 0.8 2.2 1.6 0.4 0.6 1.4 1.8 0.6 0.6 0.2 0.8 2.2 0.2 0.8 1.8 1.4 2.2 0.6 0.4 0.8 1 0 0 0 0 0 0 0 0 0 0 0 0 0 0 0 0 0 0 0 0 0 0 0 0 0 0 0 0 0 0 0 0 0 0 0 0 0 0 0 0 0 0 0 0 0 0 0 0 0 0 0 0 0 0 0 0 0 0 0 0 0 0 0 0 0 0 0 0 0 0 0 0 0 0 0 0 0 0 0 0 0 0 0 0 0 0 0 0 0 0 0 0 0 0 0 0 0 0 
0 1.4 1 1.2 1.8 0.799999 1.39986 0.599397 1.19804 0.794797 1.19451 1.37924 0.756084 0.730584 1.74275 1.96213 0.994927 1.79287 0.303152 0.425723 0.221036 0.395631 0.883642 0.940059 0.0457946 0.559613 0.91825 0.139092 0.510929 0.998889 1.9308 0.705322 2.07846 1.94276 0.649165 0.315292 1.87656 0.257224 0.307844 0.536876 2.02365 1.10911 0.786121 0.218929 0.0711827 0.226677 1.13653 1.04783 1.90518 0.282782 1.53314 0.975823 0.761788 1.5872 1.77941 1.98456 1.59587 1.79018 1.79873 1.39846 1.59792 1.19743 1.79959 0.198706 1.39988 0.199677 1.59959 2.19984 1.5999 0.599842 0.399933 1.19993 1.19996 0.199985 0.399996 0.399988 2.19999 0.199997 2.2 1.4 1.4 2 1.6 1 2.2 0.2 0.6 0.8 1 1.6 0.6 2.2 1.8 2.2 0.2 1.2 1.8 1.2 1.8 0.8 1 0.2 0.6 2.2 2 0.8 1 0.2 0.4 1 2.2 1.8 1.4 1.2 1.2 1.2 0.8 1.6 0.8 0.2 1.4 1.2 1.2 1.8 1 0 0 0 0 0 0 0 0 0 0 0 0 0 0 0 0 0 0 0 0 0 0 0 0 0 0 0 0 0 0 0 0 0 0 0 0 0 0 0 0 0 0 0 0 0 0 0 0 0 0 0 0 0 0 0 0 0 0 0 0 0 0 0 0 0 0 0 0 0 0 0 0 0 0 0 0 0 0 0 0 0 0 0 0 0 0 0 0 0 0 0 0 0 0 0 0 0 
0 0.4 0.8 1.6 0.6 1.59995 1.59987 1.39969 1.39942 1.4 1.59516 1.59391 1.76299 0.793335 0.911519 1.13906 0.301875 0.196968 1.64594 1.90773 0.997707 1.50606 1.50222 1.47422 0.708397 1.16063 0.126312 1.39917 0.370657 0.746491 1.43463 2.04561 1.70345 1.91379 0.47455 1.87656 2.02557 0.0266913 1.94274 1.54225 0.787195 2.13744 0.731567 0.218929 0.425393 1.13206 0.765236 0.670555 0.730521 0.901884 0.764745 1.76162 0.544569 0.570318 1.77344 1.58674 0.593596 1.79333 1.99302 1.1916 0.393365 0.595583 1.99737 1.79959 0.399305 1.99993 1.79973 0.799498 1.99982 0.399877 1.19988 0.799871 0.599945 0.599951 0.39997 0.199984 0.199985 1.4 0.999997 1.4 2.2 0.8 1.6 2.2 0.8 2.2 0.6 1.6 0.6 1.2 0.6 1.2 1.2 0.8 1.8 2.2 2.2 1.4 1.6 1.4 2.2 1.4 1.6 1 1.8 1.6 0.6 0.6 1 1.6 0.4 2.2 0.2 1.2 0.8 1.6 0.6 1 1 0.6 2 0.6 1.8 1 0.6 2 0 0 0 0 0 0 0 0 0 0 0 0 0 0 0 0 0 0 0 0 0 0 0 0 0 0 0 0 0 0 0 0 0 0 0 0 0 0 0 0 0 0 0 0 0 0 0 0 0 0 0 0 0 0 0 0 0 0 0 0 0 0 0 0 0 0 0 0 0 0 0 0 0 0 0 0 0 0 0 0 0 0 0 0 0 0 0 0 0 0 0 0 0 0 0 0 
0 2.2 2.2 1.8 1.6 0.999985 0.19998 1.59971 1.79952 1.99852 0.996273 0.194471 0.994783 0.181769 1.75983 1.70612 0.987339 1.08246 0.2765 2.13345 1.59473 1.16607 1.24732 2.1096 0.850899 2.02192 1.91805 1.24485 0.0150273 1.39961 1.70591 0.705907 1.99973 0.399426 1.04071 0.257224 0.0266913 0.331754 0.945879 0.739956 0.168798 1.6429 0.134231 0.704517 0.85103 0.0491817 1.51063 0.128598 1.45402 1.76816 1.07989 1.34183 0.362758 0.196801 0.993675 2.1731 1.1876 0.195324 1.78765 1.1965 1.39618 0.994536 1.7984 1.19845 0.999593 1.19845 1.39991 1.59988 0.99965 0.399618 1.59985 0.799874 1.19999 0.999928 2.19998 0.999956 0.599987 0.999996 1.79999 2 0.399996 2 0.799999 2.2 1.8 1.4 2 2 0.4 1.2 0.6 0.4 2.2 0.2 2 2 2 0.8 0.6 1.4 0.4 2.2 0.8 2 1.8 0.2 0.8 0.4 1.4 0.8 0.6 0.8 2 2 0.6 1.4 1.2 1.6 0.8 1.2 1.4 1.6 0.8 0.2 0.6 0.4 0.8 1 0 0 0 0 0 0 0 0 0 0 0 0 0 0 0 0 0 0 0 0 0 0 0 0 0 0 0 0 0 0 0 0 0 0 0 0 0 0 0 0 0 0 0 0 0 0 0 0 0 0 0 0 0 0 0 0 0 0 0 0 0 0 0 0 0 0 0 0 0 0 0 0 0 0 0 0 0 0 0 0 0 0 0 0 0 0 0 0 0 0 0 0 0 0 
0 2 0.4 0.8 2 0.599995 1.39998 1.39988 1.19972 2.19948 0.199911 2.19996 2.19825 1.18479 1.38566 2.16438 0.93059 0.702104 0.279937 0.36745 1.73416 0.248979 1.27426 0.447856 0.709944 1.25363 0.0267768 0.911212 0.531096 1.05485 1.0302 1.41851 1.87595 0.146962 0.447149 0.307844 1.94274 0.945879 0.505179 0.302873 1.16631 1.1396 0.217891 0.422296 0.531042 0.726908 2.07366 0.0793943 1.53053 1.71012 0.564972 0.559171 0.973158 2.12773 1.55896 0.975658 0.795671 0.196691 1.39302 1.19343 1.19684 1.39797 1.7959 0.796494 1.79902 0.399052 0.199849 0.599362 1.19936 1.39987 1.59983 0.399927 0.59991 0.39996 1.99999 2.19997 1.99998 1.19999 0.399993 0.2 2 0.399999 0.199999 2.2 1.8 2 1.4 1.6 0.8 2.2 1.6 1.6 0.6 2.2 0.8 0.8 1.6 1.4 1.6 2 1.2 0.4 0.8 1 1 1.2 1.8 2 2 2.2 1.8 1.6 1.6 1.2 0.6 2.2 1.2 0.2 1 0.2 1.2 2 0 0.8 0.6 0.2 1.2 1.8 1 0 0 0 0 0 0 0 0 0 0 0 0 0 0 0 0 0 0 0 0 0 0 0 0 0 0 0 0 0 0 0 0 0 0 0 0 0 0 0 0 0 0 0 0 0 0 0 0 0 0 0 0 0 0 0 0 0 0 0 0 0 0 0 0 0 0 0 0 0 0 0 0 0 0 0 0 0 0 0 0 0 0 0 0 0 0 0 0 0 0 0 0 0 
0 1.6 1.8 1.8 1.6 1.4 1.2 1.39995 2.19997 1.39939 0.999587 1.1959 1.19845 2.19362 1.39447 0.19959 0.964974 0.959805 2.18458 0.27342 2.10554 1.82343 1.90517 0.766535 1.56134 0.27402 0.913303 0.36184 1.30463 0.623839 1.67652 1.338 0.800204 1.31125 0.189829 0.536876 1.54225 0.739956 0.302873 1.19112 0.787939 0.908825 0.3596 0.424469 1.72859 0.198843 1.71035 0.0686032 0.897223 1.27641 0.510693 1.90204 2.11968 0.150874 2.14503 0.195892 1.37895 1.38407 0.787931 0.589733 2.19647 0.793681 1.59851 2.19971 0.198165 1.59934 2.19985 2.19996 0.399698 0.99951 1.59979 0.799879 1.19987 0.3999 1.1999 1.79997 0.199994 0.999993 2.19999 0.999987 1.39999 1.59999 2 1.4 0.2 1.2 2 1.8 1.8 0.6 0.6 1.2 0.2 1.2 1 0.8 0.4 1.4 1.4 0.2 1 2 1 1 0.2 1.8 0.6 2.2 0.2 0.4 1 1.8 1 2 2.2 1.4 0.2 0.4 0.8 2.2 1.6 2.2 1.4 0.4 0.8 1 2 0 0.6 2 0 0 0 0 0 0 0 0 0 0 0 0 0 0 0 0 0 0 0 0 0 0 0 0 0 0 0 0 0 0 0 0 0 0 0 0 0 0 0 0 0 0 0 0 0 0 0 0 0 0 0 0 0 0 0 0 0 0 0 0 0 0 0 0 0 0 0 0 0 0 0 0 0 0 0 0 0 0 0 0 0 0 0 0 0 0 0 0 0 0 0 0 
0 0.8 0.6 2 0.4 0.599999 0.2 1.59997 0.999951 0.799824 1.59945 0.198371 1.59875 1.99912 1.79967 1.99391 2.19274 1.99026 0.150989 0.133623 2.07459 2.08201 1.70235 0.305987 1.88215 1.30316 0.542057 1.79332 0.70837 1.10582 1.79029 1.82899 1.27243 1.18795 2.08464 2.02365 0.787195 0.168798 1.16631 0.787939 0.0804202 0.0727054 0.903636 0.824514 2.05125 0.389777 0.245859 1.10518 1.10494 1.25097 1.07374 0.387314 1.93047 0.392794 1.38999 1.15923 0.962296 1.38734 1.79271 0.988531 1.19599 1.19595 1.79729 0.396271 0.197938 1.79902 1.99931 1.99883 1.7999 0.999933 0.59959 1.39968 1.59988 1.99993 2.19991 0.199917 0.199988 1.19999 0.79999 1.79999 0.799999 1.59999 0.399999 1.6 0.199999 0.799999 1.6 1.2 1.4 2 1 0.8 1.4 1.4 1.4 0.2 2 0.6 1.6 1.6 0.6 0.4 1.6 1.8 0.2 1.8 0.4 0.6 1.8 0.6 1.4 1 1.6 0.6 0.2 0.2 1.8 0.4 0.6 0.2 2.2 1.8 0.8 0.6 1.8 0.8 0.4 1.6 0.8 1.6 2 0 0 0 0 0 0 0 0 0 0 0 0 0 0 0 0 0 0 0 0 0 0 0 0 0 0 0 0 0 0 0 0 0 0 0 0 0 0 0 0 0 0 0 0 0 0 0 0 0 0 0 0 0 0 0 0 0 0 0 0 0 0 0 0 0 0 0 0 0 0 0 0 0 0 0 0 0 0 0 0 0 0 0 0 0 0 0 0 0 0 0 
0 1.4 0.2 2 0.4 0.599999 0.6 0.199999 0.599993 1.39995 2.19969 1.39959 1.6 1.59939 0.993678 0.393905 1.98734 0.782005 0.950172 1.97884 2.19025 1.07715 0.765483 1.16174 0.734418 1.35716 0.108075 0.760563 1.92775 1.71128 1.70494 1.79287 1.87944 1.79419 1.13499 1.10911 2.13744 1.6429 1.1396 0.908825 0.0727054 1.73581 1.66873 1.96434 0.189076 1.93763 1.13338 1.1615 1.13053 1.25097 0.885871 0.99118 0.699321 1.95946 1.55837 1.15947 0.576795 0.389651 0.188508 0.383384 2.1953 1.3994 0.995981 2.19396 1.79871 1.79703 1.79843 0.398828 1.19902 1.19959 0.799365 1.1999 0.599928 0.799874 1.79985 0.399875 1.39993 1.99994 0.999981 0.399985 0.799996 1.6 1.8 0.999995 1.8 0.199999 1.4 2 1.8 1.4 0.4 2 2 1.6 0.2 1.8 1.2 2 1.4 2.2 0.8 1 0.2 0.2 1.8 0.8 0.6 0.2 0.6 0.4 1.6 1.8 2.2 1.6 2 0.8 2.2 1 0.4 2.2 0.8 2.2 1.8 1.4 2 2.2 0.8 0.8 1.2 0.6 0.4 0.8 1 0 0 0 0 0 0 0 0 0 0 0 0 0 0 0 0 0 0 0 0 0 0 0 0 0 0 0 0 0 0 0 0 0 0 0 0 0 0 0 0 0 0 0 0 0 0 0 0 0 0 0 0 0 0 0 0 0 0 0 0 0 0 0 0 0 0 0 0 0 0 0 0 0 0 0 0 0 0 0 0 0 0 0 0 0 0 0 0 0 
0 2.2 1.6 1.8 1.2 0.2 0.599999 0.199994 0.6 1.59996 1.19993 0.599706 1.59945 0.799399 1.79627 2.19418 1.18765 1.99906 1.97341 1.9447 2.13118 1.73602 1.87766 1.68309 1.56748 0.876833 1.93411 0.534779 1.66799 1.78949 1.10446 2.13055 1.99578 1.16183 1.38847 0.786121 0.731567 0.134231 0.217891 0.3596 0.903636 1.66873 1.64239 0.281998 0.817948 1.73365 1.32857 1.90747 0.439234 1.07399 0.273426 1.1934 1.90869 0.534226 0.131036 0.373498 1.19357 0.181679 1.79584 1.99478 1.1965 1.38737 1.39308 2.19309 0.596466 2.19758 1.39993 0.99855 0.199595 0.599302 1.1994 0.799421 0.799732 0.199867 1.39984 2.19988 0.199948 1.39995 0.399965 1.79996 1.99999 1.4 1.79999 0.799996 1.4 1.8 1.2 2.2 1.4 0.4 1.6 1 0.2 1.6 0.2 1.4 0.4 0.8 2.2 1.4 1.4 1 0.4 1.8 0.6 0.6 1 1.2 0.4 1.6 1 0.4 0.6 0.2 1.4 2.2 0.8 1 0.8 0.8 0.2 1.6 0 0.6 2 1.2 1.4 1.8 1.2 0.8 1.4 0.2 1.8 1 0 0 0 0 0 0 0 0 0 0 0 0 0 0 0 0 0 0 0 0 0 0 0 0 0 0 0 0 0 0 0 0 0 0 0 0 0 0 0 0 0 0 0 0 0 0 0 0 0 0 0 0 0 0 0 0 0 0 0 0 0 0 0 0 0 0 0 0 0 0 0 0 0 0 0 0 0 0 0 0 0 0 0 0 0 0 0 0 
0 0.6 1.2 1.8 0.6 0.6 1.2 1.2 0.399986 1.4 1.99995 1.59977 1.79968 1.59961 1.19792 0.998148 0.391598 0.599559 0.787089 1.17379 0.773728 2.19646 1.95352 2.18706 1.12768 2.16157 0.159754 0.533932 1.1324 1.10656 0.564355 1.95814 0.454843 0.825109 0.307892 0.218929 0.218929 0.704517 0.422296 0.424469 0.824514 1.96434 0.281998 1.41679 0.168458 0.473119 0.364893 0.479395 0.30018 0.505832 1.28221 1.99852 0.702106 0.133307 1.12745 0.782057 0.587658 1.76239 1.19072 1.19311 2.1953 0.989612 1.99027 0.799112 0.994187 1.39932 0.997056 1.99927 1.99854 0.198708 1.99928 0.799817 1.59957 0.7998 2.19993 1.99993 0.19988 1.39996 1.79994 1.79999 1.19999 0.799988 0.999997 0.399999 0.199995 0.599996 0.599998 0.4 1.2 0.399999 0.8 0.2 1 1.2 2 0.8 1.2 0.2 0.6 2.2 1.2 0.4 2.2 1 2.2 2 2.2 1.8 1.6 1.2 1.8 0.6 0.2 1.2 0.4 0.2 1 2 1.2 1.2 1 1.4 1.8 1.2 1.8 1.6 1.4 0.6 0.6 0.4 1.4 0 0 0.6 2 0 0 0 0 0 0 0 0 0 0 0 0 0 0 0 0 0 0 0 0 0 0 0 0 0 0 0 0 0 0 0 0 0 0 0 0 0 0 0 0 0 0 0 0 0 0 0 0 0 0 0 0 0 0 0 0 0 0 0 0 0 0 0 0 0 0 0 0 0 0 0 0 0 0 0 0 0 0 0 0 0 0 0 0 0 0 0 
