0 0 0 0 0 0 0 0 0 0 0 0 0 0 0 0 0 0 0 0 0 0 0 0 0 0 0 0 0 0 0 0 0 0 0 0 0 0 0 0 0 0 0 0 0 0 0 0 0 0 0 0 0 0 0 0 0 0 0 0 0 0 0 0 0 0 0 0 0 0 0 0 0 0 0 0 0 0 0 0 0 0 0 0 0 0 0 0 0 0 0 0 0 0 0 0 0 0 0 0 0 0 0 0 0 0 0 0 0 0 0 0 0 0 0 0 0 0 0 0 0 0 0 0 0 0 0 0 0 0 0 0 0 0 0 0 0 0 0 0 0 0 0 0 0 0 0 0 0 0 0 0 0 0 0 0 0 0 0 0 0 0 0 0 0 0 0 0 0 0 0 0 0 0 0 0 0 0 0 0 0 0 0 0 0 0 0 0 0 0 
0 151212 21931.5 18135.9 71179.6 146551 124457 173455 102090 119112 61400 24358.3 23258.7 121847 14462 109219 93893 38111.3 103554 132420 190609 128046 173412 127444 164689 134244 133627 164557 68162.8 34698.3 6731.93 42993.5 136929 9217.04 89802 37892.9 131984 185012 125151 56345.3 26751.5 27889.9 181580 171314 120006 155908 132610 39688.5 162848 184386 23032.7 94342.2 72770.3 91799.1 161004 80776.6 188212 43580.3 105967 94777.5 195660 159396 176955 41579.3 38877.9 189892 20698.3 49492.7 186475 139127 40773.4 17219.3 5934.53 36848.4 148618 125544 39044.7 113100 197629 151189 153285 6609.29 122185 142758 176531 179521 94877.7 4389.77 120213 99882.4 62537.5 1133.4 166512 11285 153900 6570.36 98734.7 77248.8 45236 123050 147786 66550.7 192836 42978.2 29789.7 113836 188720 192574 66733.7 185890 101888 133590 194689 95319 149067 199070 173940 26311.2 24536.3 138415 176759 39173 105270 40998 72668.4 19649.1 198175 192552 164747 10145.6 88326.3 155452 10803.9 62306.3 84583.2 42782.7 41920 55212.4 154066 46708.4 158742 66131.4 10808.1 42513.8 33787 130506 121243 21717 182814 174833 14502.2 125353 145725 113110 14811.6 188336 13206 166570 66246.7 189076 154893 94141.3 30441.7 61179.8 169730 156702 103759 31863.1 79589.7 138258 82929.8 112267 40415.4 71943.3 27355.3 169366 79006.1 170372 90146.7 91811.3 119031 114393 197039 138464 46262.5 158878 150570 46353.1 189315 2548 
0 21931.5 52299.5 28527.8 187306 117570 131877 14687.6 83555.1 116465 78783 181175 13991.3 17261.2 13880 145911 159051 162829 146961 25915.5 198658 42540.6 51880.7 120803 75885.5 118009 35868.1 64674.9 158154 61557.3 9503.96 154957 48831.9 4132.53 81152.5 66046.2 115595 135841 673.493 171565 76939.9 179733 52346.8 192028 111251 141221 130926 13399 106965 158774 103410 159748 121935 128306 101738 14370.3 119644 140460 65842.9 185931 89066.9 72313.6 1743.18 65093.3 109790 138585 136533 33590.3 75748.5 191033 115495 118295 87751.7 102685 41567.4 181783 35965.3 75424 38003.6 178067 135292 64771.8 165209 108561 198130 62728 113291 194079 22350.5 174899 3680.51 53335.7 57582 50134.7 190583 110271 190270 195840 116164 88773 163070 165990 156609 121501 160336 53937.2 79844.7 67495.8 169835 161853 121501 82503.4 66655.2 13207.8 71129.5 74493 177578 153268 119828 185752 143429 97255.4 47162.8 72539.1 148861 103959 142520 162826 183113 163165 187324 193688 1696.9 60208.5 169082 159171 170663 182326 153956 16646.1 123898 152525 194951 70169.9 184396 58555.1 67747.4 154709 112416 23883.7 79426.4 182763 137269 171745 183435 8759.1 157915 123007 132383 91997.4 69831 127893 127705 164961 52488.8 169375 82687.8 36953.8 20171.6 115930 144956 140421 46747.4 36501 46066.7 150481 154789 83626.5 118924 69465.2 160702 99915.8 25079 52089.4 48085.1 106322 21818.4 2039.67 79201 2 
0 18135.9 28527.8 148124 195838 11166.3 59287.4 35800.2 128560 39310.2 150395 9839.75 150031 126284 160012 76276.5 150535 135019 135878 76928.7 86521.5 73776.6 58636.5 97495.1 12627.8 166432 138164 145008 46246.7 145893 196898 47401.8 114322 151567 177612 147983 170211 57847.8 93014.6 154625 179935 22073 39937.8 8671.52 1618 193338 15731.6 192514 128065 162953 23842.1 137802 173452 154575 100738 76866.6 189004 170917 5283.61 156951 12907.6 152939 98191.1 186956 26829.8 54229.9 31731.1 90281.1 2906.1 122205 52699.1 140692 11373.1 79597.6 94416.8 9542.53 4558.61 106565 111352 186630 33053 11185.8 37405 12531.1 94284.6 134074 54865.5 172213 169635 152468 19044.5 167302 116655 29083.8 30775.1 146384 47398.3 164145 117839 84340.7 81629.7 81881.4 157275 93580.7 125752 86384.2 132798 71810.2 42550.1 82731.4 87273.3 26784.8 158878 137801 16955.1 40357.4 58579.2 55998.8 36435.6 7261.48 169526 52556.2 4451.67 177505 189344 176713 118499 15911 176495 29056 70071.4 130147 129779 189236 92379.2 65084.8 165898 145943 115452 76929.4 179288 143206 175300 466.214 39505.5 27391.7 10877.7 3460.56 83880.4 61934.3 178716 93352.8 37527.9 114334 101003 110984 183109 11641.9 193912 42546.6 169441 17032.5 190760 132934 77943.4 46479 133842 80593.6 161501 105390 155917 147866 90375.1 59772.4 86299.4 65812.2 183916 133359 61530.5 66549.4 110299 172761 190004 125841 151724 118417 189720 5381.96 226 0 
0 71179.6 187306 195838 58374.1 163139 23014.6 46234.3 133196 53069.9 111020 151677 2483.11 94265.4 125011 40906 44020.5 181238 82270.9 55108.8 103548 119271 120738 25032.4 63103.9 117705 96345.4 36101.5 180472 38997.4 191325 150911 48514.7 69256.6 143545 14517.1 153052 67988.3 102920 68752.3 69703 88065.3 58867 65287.7 142491 113502 1632.38 8057.96 58475.4 83272.9 54053.2 10868.7 95833.5 102045 107160 142045 5821.61 46423.4 141987 680.658 184621 98495 1972.02 29569.3 37558.7 149881 106670 171213 170538 80623.8 120803 56929.3 40214.9 105898 62249.4 138601 8267.22 26580.5 192635 145437 149907 92506.9 66655 72214.1 11946.7 37458.9 111425 119553 153095 33932.5 47090.8 102059 85111.5 104562 150895 46932.5 115098 109958 9704.11 137261 171999 172801 82786.1 80059.8 89946.4 47953.5 21584.4 29581.3 165377 138137 87451.1 19496.1 158516 37945.1 156615 184209 180029 157808 177712 142581 64943.4 125983 55199.7 60204.9 158829 63530.5 198240 189352 133501 94793.4 173295 129898 2096 128500 99927.6 130874 778.454 142016 106600 115890 197862 158433 21228.5 98396.8 23126.8 130353 121832 156608 61405.5 148564 183946 65197.1 195940 148026 135061 40849.1 164804 118436 2581.73 116457 176517 72681.7 125371 5549.42 109294 186302 172598 171498 58913.8 73008.6 10961.7 126087 183151 61524.6 103808 50094.8 154248 85975 124745 67736.4 73910.4 137410 143927 48286.1 53124.4 99458 133739 14113 0 0 
0 146551 117570 11166.3 163139 118798 91086.2 132524 191436 105184 103793 95452 196565 72296.6 64178 32300.1 90073.3 122323 57316.3 94499.4 12375.4 22125.8 15445.5 174378 124815 104101 12605 176733 121297 181119 96764.1 54141.3 157951 53099.7 36323.4 81013 35641.6 158626 12508.4 170176 104928 120709 104007 133013 142505 28222.7 121511 186785 166736 112094 191744 60274 189122 91300 155011 138839 64216.8 15949.5 79299.1 106521 89132.9 45352.3 75964.2 84743 55025.1 109704 180795 33572.7 171955 22398.9 74156.2 57341.1 154165 58592.1 89417.2 136960 28844 60581.5 7960.67 160087 124723 23718.6 103008 148736 163240 175685 164683 170104 84928.2 69269.5 64991 154967 196276 148106 159001 151694 114532 10400.2 78896.7 116233 123810 71750.6 53157.8 37358.5 148378 179641 2593.29 83044.7 171415 28960 138539 35962.9 116207 6003.7 173169 23072 104526 40277.5 84028.6 90494.2 50721.9 22800.4 110702 184899 188281 103550 195115 159130 63288.2 41831.1 168127 3922.05 3962.25 88884 97174.4 183782 30818.8 151302 164797 191593 171273 106733 160489 173295 146648 111680 120053 182850 94025.2 80938.2 43339.9 71616.7 123344 123342 121829 173958 185139 152814 118497 106855 157428 163342 73198.2 52916.1 180015 125022 119870 169714 117090 59584.1 91526.7 65119.5 5356.12 159249 14108.9 95337.9 51351.3 56389.6 111824 56535 61605.5 76915.7 174447 88942.2 175108 35504.5 56286 3 0 0 
0 124457 131877 59287.4 23014.6 91086.2 50581.1 112072 1469.34 136176 139177 114061 125127 192813 47568.4 170258 8063.22 155908 13863 18716.9 185958 16844.9 150306 22853.9 10146.9 174677 145627 22690.7 87091.6 10853.6 159629 174657 19371.2 180569 144332 22157.3 85488.3 199516 146289 113515 30118.7 165490 31403 169951 133739 157146 26548.3 63977.1 20479.7 124148 101312 96152.7 23895.1 193563 119140 34273.9 108466 95255.3 27582.5 189927 84912.1 40232.1 79758.8 199209 182024 154665 134714 78143.5 123406 57971.1 131859 114004 152624 90508.9 93920.4 176364 198240 98050.7 69181.4 89558.7 107594 60654.2 6988.15 70788.7 92732.5 26749.4 1820.74 129198 179183 170431 106289 102867 136919 176186 24640.8 113454 183708 121103 167542 157379 72292.8 147294 165731 149315 162174 124655 127127 141655 76533.1 142152 11576.5 196480 157720 50668.6 196914 153362 73521.6 129002 161229 57018.7 43205.5 110078 69371.6 151581 116134 81887.7 106765 26592 6268.55 139449 18782.6 83824.6 17523.2 40809.5 131905 62438.7 65702.1 171993 168724 45932.6 45009.1 193023 190197 108322 188533 112506 163090 53562.9 107467 121315 19012.4 50929.6 5151.27 180743 9325.78 72705 151473 71563.6 179571 127082 172576 103225 137411 178757 176115 130546 96344.6 190122 126775 198570 81728.6 11454.2 80653.8 183500 111712 165482 20172.3 77509.1 40651.7 26214.5 148140 176761 20782 9017.13 26616 82613 124 0 0 0 
0 173455 14687.6 35800.2 46234.3 132524 112072 129757 112743 63236.9 183016 135159 67509.9 83980.5 190062 169132 172613 63927.3 160364 124463 194015 163797 191361 47977.8 128104 54228.2 34778.9 41584.5 166875 107884 65713.1 62080.2 24900.6 125760 1718.42 184152 111161 86752.2 64732.6 96550.4 2269.71 105228 25873.5 65778.8 2530.94 24944.1 146252 138068 64508.8 132226 1791.61 178853 93147.3 174814 197820 20562.8 160793 4481.81 108204 102366 69029.9 94752.9 7504.22 73312.7 82608.2 18147.7 114232 120229 170533 170136 126836 173757 182838 117402 41714.1 181786 143915 32732 137505 184325 129552 119098 13199 21376.2 66591.7 30276.7 16775.6 184092 55498.9 14606.6 197961 186571 176395 10623.8 158977 13263.7 97700.5 139137 134228 8755.85 187142 148701 123631 166259 167298 43630.1 158568 155804 196391 175795 38218.6 164159 183616 57258 15064 198802 192979 2395.83 170916 193946 106073 154955 52154.4 89495.2 43921.7 129435 123439 151439 106894 169893 92643.4 134412 121498 130481 32157.3 55408.3 112998 188632 93623.9 85816.4 192949 50890.8 61000.6 45400.7 178269 89999.5 104548 195164 125489 8495.16 64910.4 173820 171716 33173.9 16688.4 112175 30786.2 164530 177992 82744.8 26860.4 118453 136593 101178 121979 40385.1 14936.1 161245 21539.1 95825.3 37239.2 3351.61 175023 176645 188981 89309.7 85182.8 91555.7 158758 84902.9 44756.1 140769 12369.4 11814.7 66807.3 3844 0 0 0 0 
0 102090 83555.1 128560 133196 191436 1469.34 112743 29864.3 11302.8 17828.2 30594.6 164614 139494 8972.29 16571 55821.9 138137 112626 22713.6 42708.4 122207 198814 110857 177981 146857 161905 11611.7 11626.4 46434 4957.01 119230 98186.7 76812.3 187321 93750.3 34394.6 114379 80025.3 65370.2 305.703 100352 86083.4 73193.8 157253 5814.14 160931 70881.7 143428 50190 79488.3 154106 172005 29065 77084.7 7768.67 86235.2 87786.6 62368.3 52833 86005.4 101006 154222 22950.8 7179.54 95313 188341 16491.6 198124 146389 49444.3 48804.8 123991 36687.9 22461.6 165638 197676 4443.04 52660.3 113552 135162 194936 115268 48805.8 16296.1 115613 150866 34365.6 52720 107080 125558 43250.6 26843.6 118276 94031.8 123025 5835.62 61740.5 51841.5 46823.2 187881 102656 109317 87403 38008.8 73209.3 27594.5 148286 197390 72146.9 193704 173050 129839 89187.1 47865.8 180866 77663.7 161988 103417 126180 15701.6 46061.3 60730.7 92536.2 195053 142187 93312.3 155826 191219 92008.9 57570.3 131554 4209.68 58757.2 65269.9 152524 55181.2 164236 164302 119028 55411.8 4198.92 59906.3 112539 114754 138273 59353.3 93662.6 23015.4 26084.2 17069.8 87806.9 108645 64653.8 154174 90517.1 130.362 144021 15827.1 94644.4 193116 147894 34044.1 22998.4 140649 7469.7 54849 115643 42569.9 181181 182326 93293.1 105263 113208 76225.4 189537 175261 43100.9 191411 161098 67677.2 22286.3 107184 117966 101061 0 0 0 0 0 
0 119112 116465 39310.2 53069.9 105184 136176 63236.9 11302.8 164651 194792 151173 113213 157137 113409 16227.4 128682 24181.9 49164.1 133443 113136 135508 97360.7 177550 46252.5 168540 56205 34352.9 16602.1 30591.5 105075 191041 119714 3236.25 88535.4 111474 144915 177303 191146 53950.1 80420.2 169291 90502.4 97224 126321 184912 197329 39854.6 105593 63137.9 187336 95207.2 21426.3 92762.7 167510 39151.8 18269.1 177545 90754 29956.1 965.003 85265.7 1825.94 112096 150783 120454 3978.98 5410.69 15607.9 110146 51057.8 80642.3 117856 195272 102080 66454.4 116037 118508 188572 42721.4 68122.8 21990.8 171164 175848 51421.3 128378 178162 28860.8 189590 120388 173169 71195.9 180572 158721 23287 147616 171434 173746 147957 185267 81944.5 8580.9 96985.3 104748 196293 137703 81175.1 117269 76169.9 132566 175054 199969 101506 160462 84427.9 34024.6 182208 21984 148576 158155 52389.5 40574.7 186473 102853 115036 149074 875.058 135441 37008.1 19923.7 86576.6 149814 152473 18.9912 46168.2 18397.5 63545.8 99.0617 23113.2 20164.5 22213.3 18832.6 125366 28696.1 119079 14845.6 132572 88216 116509 28388 143592 59549.8 179927 46546.2 171561 115254 172776 73704.3 95431.1 24340.7 44663.9 14021.3 168134 33866.5 154638 33058.8 177701 21187.4 191363 10562.9 118747 169212 40561.7 89430.1 24791.7 4737.81 172669 103124 27465.1 146570 73039.6 150035 183728 111790 11 0 0 0 0 0 
0 61400 78783 150395 111020 103793 139177 183016 17828.2 194792 142149 63704.5 118136 39058.2 165467 6751.96 162699 16733.9 39703.5 186642 48026.8 161784 19986.5 20215.7 26385.9 30759.7 147920 72143.2 69841.1 199860 37077.4 78504.7 46866 168503 197485 77792.9 37823.4 158038 113576 128099 157775 128841 49735.3 57750.7 128226 54883.7 36495 114336 172081 52289 44980.8 29915.1 167430 131799 86130.6 32393.2 6758.57 190591 49464.7 111813 55564.7 35117.4 2387.73 24059.3 182460 84448.8 146150 2965.63 61145 56214.8 142606 87547.2 20599.7 54679.9 84618.3 154743 150726 95967.9 88150.3 10638.5 181908 148782 64105.5 38076.5 177026 26417.1 140122 160476 179466 14375.8 196302 24331.6 26652.5 53757.5 38563.8 179391 12817.9 100645 45373.1 49907.4 36705.1 50560.9 61920.9 188758 13632.7 117780 26037.7 141914 123768 47367.6 116304 13772.7 170029 158473 48942 186409 90727.4 182005 132062 187809 170183 177138 189794 90338.8 156195 6580.63 176979 22127.5 88218.4 41647.5 142641 109590 79324.5 168137 52476.4 107416 179948 159793 95622.1 156941 40718.6 82307.4 149374 157505 20417.4 128262 154513 55874 29304.2 94126.7 20684.8 23428.5 135340 28814.1 144479 30131.2 2359.45 21815.1 48645.4 84484.4 76472.4 86611.9 9312.35 28613.9 171308 54089.8 7096.4 29691.6 21272.1 42325.1 40010.1 60075.6 93771.3 95051 168498 29063.2 52567.7 161023 183042 88015.5 721.303 139446 149560 244 0 0 0 0 0 0 
0 24358.3 181175 9839.75 151677 95452 114061 135159 30594.6 151173 63704.5 173136 7892.55 10988.1 31516.7 155814 196483 101182 113680 160856 22985.7 175360 112462 165453 12591.7 142185 259.625 62280.1 144499 139258 59676.1 54532.9 126060 112584 542.806 159463 72105.1 25388 147914 97489.9 113205 7013.14 60134.5 72606.7 147990 99602.7 64476.6 108616 117740 46941.3 84622.7 46186.4 67005.9 162263 62596.6 124516 86394.3 97894 130811 56706.7 40825.3 114516 128062 182774 101381 121664 171410 183132 18804.9 103950 60908.8 57693.4 179131 93265 93505.8 158514 125334 110918 198274 59483.1 191963 132328 6183.08 142463 141159 77213.4 183385 10829.2 124770 144792 123343 132073 100780 51934.3 75623.4 132213 136393 66385.8 99943.7 145344 139085 163372 138760 19388.7 32298.2 168743 10801 34319.5 180073 131599 34414.8 115848 56632.2 23403.1 65229 113066 9028.56 142754 44922.5 7565.78 100552 107035 127051 133679 71440.3 117976 165010 126488 169922 41184.5 35068.4 164846 17778.1 140573 34582.6 149120 34285.6 100347 39251.3 53604.4 118133 68706.8 33154 194348 38127.4 26511.9 107172 139097 147836 136399 169866 51745.6 331.784 33512.6 110663 146951 154298 10958.3 73112.4 149112 10690.5 4346.43 125679 51428.7 142075 108527 138282 166514 134771 160143 196550 6026.99 185824 123493 98985.1 822.855 30820.5 174177 82937.5 111099 110041 167063 4463 0 0 0 0 0 0 0 
0 23258.7 13991.3 150031 2483.11 196565 125127 67509.9 164614 113213 118136 7892.55 21584.2 7048.56 151738 181277 157665 25556.5 98371.2 194669 81884.3 54270.1 27092.1 110944 172568 115431 147997 58393.9 13715.3 156340 77575.5 72367.6 137409 28408.8 178847 23152.2 73580 144191 49959.9 178319 188725 170243 115809 18049.8 119852 195591 101133 53605 34435.3 194735 35771.7 158786 120631 87921.1 29425.8 59122.3 42274.4 14989.9 104783 96555 167055 177014 137498 129973 87233.2 286.434 103347 59768.6 50423.8 7146.85 125735 133683 60287 87441 89904.5 116181 97036.6 199372 4895.6 128234 61882.4 25839.5 74099.4 54653.8 199375 46887.9 160549 51686.9 163350 68320.1 75427 134812 73942.1 184.332 10749.4 91698.6 86869.1 16236.5 124997 122041 183119 158851 81902.4 63881.8 129096 171693 66867.6 125354 174640 45666.9 139533 108443 196818 170680 69512.2 99121.5 21846.7 162856 141996 112053 104769 37160.8 62539.6 114137 86479.2 183285 42682 10289.2 195805 2835.91 90811.4 155041 284.126 19092.4 78033.8 144519 111388 17368.7 182522 170335 143834 143464 188844 109148 106132 86361.7 148868 143595 5846.83 140568 136408 89956.1 155396 193349 199032 18574.8 104391 175817 145782 198705 78759.9 129208 51105.4 61811.9 88819.4 146805 45142 132403 83617.9 192194 83896.1 140276 181515 184114 62310.8 71500.2 81917.7 162171 1458.58 8851.24 170144 73461 0 0 0 0 0 0 0 0 
0 121847 17261.2 126284 94265.4 72296.6 192813 83980.5 139494 157137 39058.2 10988.1 7048.56 6319.99 23384.7 185751 116245 40511.3 173175 173495 144121 32630.8 187489 101526 144219 100779 74748.8 127643 197337 70603 27553.1 188696 47627.3 110063 111690 51441.2 86889.3 15783.4 176045 110145 186565 142840 134450 103320 169724 163073 172502 46515.9 94174 122374 186046 155010 119794 67679.7 27526.5 159587 93325.4 3374.06 46109.2 23687.4 113329 53098.7 147716 8662.39 172385 174417 181099 198148 197426 52450.4 188374 97802.9 125651 20075.6 21079.9 82094.1 69282.5 161958 174565 47178 197153 66086.7 165345 35060.9 63853 112024 26485.7 17236.2 191891 130421 134511 12076.9 134361 60158.9 144886 117934 56121 122611 46365.7 40975.3 45182.4 62055.3 77138.4 23171.2 191470 5614.52 141884 126558 42527.4 171400 179959 96400.4 161001 32867.3 115595 64828.8 47550.7 15420.3 193704 146670 195507 145842 28836.8 10715.2 28262.5 84924.4 129114 70258.3 112246 36460.9 45740.2 154389 181188 118703 90790.2 178585 175993 113548 30039 88552.4 197172 129028 130458 158481 6404.35 167815 35029.6 187650 156897 179763 39805.9 98273.3 128499 166786 97379.3 54567.4 99923.2 192465 21217.4 69277.5 42014.5 74686.2 133290 56493.1 162046 53002.3 97346.7 137137 80948.8 101922 168445 69983.4 165012 198257 136637 17871.9 173942 50253.9 197967 87991.5 101939 5 0 0 0 0 0 0 0 0 
0 14462 13880 160012 125011 64178 47568.4 190062 8972.29 113409 165467 31516.7 151738 23384.7 9947.75 199998 194726 38512.4 118998 23514.8 66061.5 127110 147511 34229.4 96291 38326.9 173725 124468 177796 124445 85510.4 140230 97479.9 195644 58198.3 76284.7 115280 8918.28 51946.4 20986 173098 93381.2 75594.6 165816 92355 186625 194999 50993 55601.6 20194.2 78881.4 37520.8 172474 16300.4 47756.5 69300.8 136468 198574 41852.1 157034 78107.8 89629.5 154279 48941.7 99755.8 188086 52714.4 153122 71584.6 13038.9 193250 95472.3 112936 4215.12 53529.4 83939.6 63110.4 144103 105529 183564 103948 110333 70375.7 195151 80622.6 43568.5 123641 92095.7 187017 151298 13830 71090.8 147564 39778.9 131099 51525.4 1192.94 158090 115025 70023.4 24418.8 161042 73579.2 14239.3 114875 143360 21222.3 182949 80650.3 121905 138913 36184.2 192388 168448 78967.5 2003.86 40197.5 145576 3714.14 150291 30739.5 66949.3 71436.9 16415.5 120541 21205.1 35220 186364 78199.6 68320.6 68419.3 43555.1 13288.5 129417 133327 189487 191405 114181 90289.1 64680 2480.28 193700 125300 104433 80482.3 53831.6 129275 195978 93160.5 8047.53 65023 165083 100414 197200 196094 56792.8 33897.7 31274.3 189461 9470.69 159633 14325 30678 189325 109595 127614 42772.2 153410 18684.2 18040.6 52286.9 85238.4 192786 129726 124393 116232 127162 172307 143280 172869 80 0 0 0 0 0 0 0 0 0 
0 109219 145911 76276.5 40906 32300.1 170258 169132 16571 16227.4 6751.96 155814 181277 185751 199998 165950 174281 75334.1 149576 53704.2 165498 196826 38997.2 7176.25 23222.6 121037 98595.2 45306.4 72632.9 115510 51775.2 104482 10738.1 91073.8 46168.3 39494.7 84267.3 73096.9 90563.5 68416.9 136027 16017.7 9995.49 196718 43779.2 14094.8 138438 52051.6 196109 64664.6 31736.1 88949.3 139000 165013 86861.9 26309.3 190649 36322.2 108103 128518 157973 128743 151486 35156.9 82214.8 102960 150823 49972.2 50220.4 27318.8 151276 67076.6 184620 47460.7 158893 179075 89827.3 97369.9 69460.3 100989 102209 84446 5084.5 5729.22 129361 127309 46999 96131.7 110260 128477 73754.9 71198.5 118755 100201 9348.14 3858.61 126729 129519 50267.3 41769.7 175023 91455.2 13218.9 148398 115810 61942.7 21480.9 12582.2 160559 96762.5 150408 181643 158483 12189.4 116609 181670 170707 109551 159026 26771.9 53181.2 142638 83486.8 188503 115572 126195 131690 30951.9 157473 93785 76560.3 180386 141667 14684.4 41188 22560.2 137820 20859.9 13180.9 174109 160724 65640.7 109115 120072 62375.8 33131.4 176238 63409.6 75415.6 126142 176222 93333.2 165061 36251 75924.2 177078 177428 87270.7 26471 96536.5 105057 177411 115927 6113.31 88048.6 75280.7 182217 5880.42 12667.9 99880 14704.4 12396.6 134209 18335.4 14851.2 12183.3 23804 111491 112205 1039 0 0 0 0 0 0 0 0 0 0 
0 93893 159051 150535 44020.5 90073.3 8063.22 172613 55821.9 128682 162699 196483 157665 116245 194726 174281 135125 137557 23174.2 21936.4 120401 185685 184793 165097 80630.8 30730.1 106433 159695 125320 85479.5 114945 163481 161336 110900 155896 132785 57495.2 60602.4 38162 156403 124580 45719.8 24853.6 90382.6 73371.9 133422 74868.6 28508.5 14262.4 15239 123483 95026.7 97447.5 38054.9 164610 129474 98742.5 180685 85962.9 166909 185630 151914 165331 22886.6 31380.2 156781 165098 26428.3 135513 67366.6 135371 129875 110920 34658.7 56584.6 68644.9 30426.4 127540 86059 4080.05 7926.13 170841 159289 197759 133355 74121.3 178826 94970.4 152435 95236.4 138090 197901 139858 15428 26533.3 90176.3 26829.7 80440.4 60439.8 42683.7 47478.8 193511 152153 169507 182430 172656 73046.3 68986.3 48395 45821.7 24435.7 56465.3 63232 70394.9 3614.11 147701 76051.6 110726 91383.9 82181.6 62717.6 119529 167225 170682 73941.8 104039 134442 178249 134542 87370 50976.5 153927 182979 44810.5 35536.3 43412.7 3193.04 73911.1 102715 139294 133061 52529.7 121813 160.399 18203.4 47064.8 145396 161128 89872.8 22507.9 142689 72605.4 161715 40022.7 54429.5 66437.7 113673 174984 88906.9 100255 128021 151599 193548 154395 93953.9 8355.77 197378 116826 15888.3 129691 100398 87174.7 14345.4 8111.81 17679.7 145163 94833.6 164031 12345 0 0 0 0 0 0 0 0 0 0 0 
0 38111.3 162829 135019 181238 122323 155908 63927.3 138137 24181.9 16733.9 101182 25556.5 40511.3 38512.4 75334.1 137557 197804 126277 187957 155875 183306 53897.9 28276.1 25009.8 77048.4 193598 185533 105533 23760.6 185014 185975 32081.4 58275.1 49468.2 183795 143243 82.5539 108715 34304.7 121682 134580 45240.2 57207.1 123656 35536.5 95080.2 154683 77605.1 47974.8 139563 8613.02 124523 199004 38058.1 76983.7 93476.3 436.198 126043 50419.5 756.057 167750 57216.5 29900.9 77053.1 122218 66794.5 18400.9 132942 32907.7 378.666 166940 95904.6 15630.9 97337.7 69815.8 167242 67097.2 140713 174280 72223.8 65994.7 194379 45863.8 112781 169682 163250 61040.6 129719 13148.4 144714 18605.5 55537 28640.3 147754 94323.7 18197.1 177269 170095 123133 149801 80560.6 11033 162936 60804.3 147923 182734 4050.28 30888.5 149135 25128.7 106419 126212 17390.1 131387 21754.8 9208 161118 145630 79215.5 157873 77410 74079.5 94668.7 184279 71003.8 121587 114238 25792.8 139155 104048 188500 127514 124871 145069 67242.8 29649.9 95459.5 167963 56803.8 106602 19751.6 181272 80094.9 56981.6 183721 162077 21436.6 22358.5 25308.1 179133 56731.2 17009.8 75255.9 58347.6 15720.4 62849.6 189892 16981.2 161691 144402 53875.3 197225 24833.8 4153.32 199526 59131.2 111185 55044.3 41947.5 9836.04 172078 89382 154509 87185.3 174750 4347.96 136581 0 0 0 0 0 0 0 0 0 0 0 0 
0 103554 146961 135878 82270.9 57316.3 13863 160364 112626 49164.1 39703.5 113680 98371.2 173175 118998 149576 23174.2 126277 90518.5 104069 35830.2 4160.81 15706.9 116615 52349.8 53232.8 11252.8 37275.2 2701.05 188890 2381.79 182462 60919.2 93274.1 35737.3 194819 112519 106925 184405 172066 50446.5 77136.4 184124 46747.4 20426.5 130459 65113.4 139275 19852.9 191035 85869 60077.7 49222.7 131499 50872.2 196052 10038.5 145327 146106 179196 138393 122611 78151.9 135377 101292 173738 185227 76575.6 104430 168393 98731.3 188959 43221.9 7525.78 141270 104330 84530.4 192589 142312 41521.9 4408.74 151305 172030 139621 42562 66831.4 89457.3 169922 139812 149613 18862.4 44728.1 103833 95917.8 188969 13258.5 173755 57639.4 58491.9 157627 194398 198201 87548.5 118290 115612 154863 175034 170066 99022.5 120134 22924.3 47648.4 173352 155159 163979 79032.2 167023 138985 3440.1 77764.5 90879.4 11932.6 83676.3 96898 117682 20789.4 162668 85328.2 166387 18553 173486 133080 40887.3 138344 88858.6 25258.6 108698 59617.7 135842 90870.8 44485.9 6883.3 23830 96120.4 111561 164520 116781 23428.8 76936.8 81483.4 195885 184424 171201 17203.3 48696.9 47206.3 182246 57738.8 151657 101372 3363.32 41035.6 74794.8 168437 187436 118768 171521 194432 14804.1 149092 22702.7 113567 130149 54630.5 106278 150653 14023 7 0 0 0 0 0 0 0 0 0 0 0 0 
0 132420 25915.5 76928.7 55108.8 94499.4 18716.9 124463 22713.6 133443 186642 160856 194669 173495 23514.8 53704.2 21936.4 187957 104069 18231.6 128923 194138 48883.3 119056 73747.4 110325 89847.6 23785.2 152559 179620 41113.3 41057.6 72953.5 192611 93739.6 183639 19701.4 114445 193353 182095 177199 170445 31368.8 119863 4183.77 186494 70466.4 57424.7 67737.8 181086 106000 10197 103251 71533 80531.2 82429.9 174371 77112.8 162607 121434 178282 172161 171630 130913 187680 90419.8 11093.4 134912 45499.4 155357 154485 143737 38947.9 109536 102422 60982.5 18206.3 36538.9 190113 132781 154383 50132.6 121423 157047 52141.2 173941 5297.35 171819 12658.7 78840.2 63448.4 134091 58726.4 105415 105190 65211.9 55408.2 55366.3 108933 191802 5069.02 102158 175579 189715 10801.5 112496 46476.2 91414.3 89953.6 26872.2 158454 26159.7 17750 147604 136111 195401 25147.9 10077 144393 195056 25203.6 28928.9 175969 164594 177141 113617 172751 14509 186418 92890.8 100156 33315.5 152056 186076 5342.18 23113.6 107286 99260.8 54118.9 80847.8 171751 80571.7 152101 84071.3 185246 175452 90184.1 154308 109369 129834 85219.9 105790 33180.9 171663 122765 29582.8 143443 138699 8683.98 23527.2 171869 158564 5903.35 67273 144247 50771 110508 45017.6 104168 23882.7 89625 125222 159419 10339.2 122994 147452 75 0 0 0 0 0 0 0 0 0 0 0 0 0 
0 190609 198658 86521.5 103548 12375.4 185958 194015 42708.4 113136 48026.8 22985.7 81884.3 144121 66061.5 165498 120401 155875 35830.2 128923 19314.8 18119 122951 81883.6 195292 20333.7 39590.7 160109 62570 23723.9 35200.5 98607.8 181825 176675 70883 155814 34410.7 58279 137883 179797 126197 197758 34556.1 108398 129850 72487.8 84054.7 136401 73127.6 46619.3 165021 57502.6 90905 169366 86290.3 37991.7 116586 193589 144594 101744 1639.79 141152 55780.6 326.308 178806 23015.5 28682.6 10521.7 26683.3 104529 156183 147909 187353 24384.9 171415 30774.9 155243 104567 27293.8 46943.7 129752 154389 50103.7 111081 187398 17014.6 165920 36552.9 188806 41393.5 159620 50968.7 10697.2 36178.7 45259.3 19333.4 72419.1 84735.4 189599 87090.5 30645.6 62650.1 172839 122920 1198.95 115405 61008.5 129234 23697.5 46440.5 70764 72686.4 24996.1 89558 17063.8 50700 123610 123455 173668 197083 74756.9 116227 86650.3 166804 20222.2 54916.7 162507 175185 160371 14283.6 74794.8 143166 23374.6 112408 71910.9 170419 122937 164797 127189 198363 165123 66454.6 90061.9 171681 111818 170843 20829.9 36353.5 37714.9 103501 199409 146574 167194 39013.6 73330.3 58185.8 129580 27839.1 86952.8 17776.2 73680.4 146717 147688 58881.9 81814.1 172848 85842.4 194887 133792 29100.5 31357.1 118087 19601.5 46216.2 97729.9 697 0 0 0 0 0 0 0 0 0 0 0 0 0 0 
0 128046 42540.6 73776.6 119271 22125.8 16844.9 163797 122207 135508 161784 175360 54270.1 32630.8 127110 196826 185685 183306 4160.81 194138 18119 21299.8 90697.8 163966 161517 144720 34605.7 65456.4 188305 113039 126944 33125.5 46163 104345 94071.8 106756 104192 65310 54015.5 125958 5768.72 55406.3 121254 66364.1 176473 8019.55 82272.6 103938 16045.7 23836.9 181018 113564 26547.8 139703 48607.2 184681 115403 185733 174744 101849 32912.3 18450.5 49232 135718 193992 13096.2 142093 184160 180749 164681 67613.8 150683 104512 28018.8 75204.1 160476 130748 26017.1 118295 51379.7 73754.1 145251 108615 187141 32476.1 149489 78066.3 123036 113212 113594 158697 119764 51257.1 5515.97 50696.1 166131 183608 130813 96231.9 52495.1 38124.9 119124 153626 150625 143832 155318 33255.9 22119 49947.7 81082.7 106119 114918 164779 3427.22 192228 67119.4 159147 190658 17589.7 646.744 14287.1 18540 152270 94960.4 62698.2 199541 173459 52998.1 161496 81283.4 33753.7 194830 2622.6 54485.4 155576 21528.6 27418.7 53556.7 69845.3 132986 170535 110029 157730 138148 57838.7 75182.2 164902 81705.8 63408.4 141008 153355 96198.2 79333.4 78330.1 138474 135609 198917 12787.5 31465.5 94568.5 128924 113997 51490.8 187333 45825 44131.2 73459.5 67421.9 170083 92424.1 70737.2 116418 117460 15369.9 6074 0 0 0 0 0 0 0 0 0 0 0 0 0 0 0 
0 173412 51880.7 58636.5 120738 15445.5 150306 191361 198814 97360.7 19986.5 112462 27092.1 187489 147511 38997.2 184793 53897.9 15706.9 48883.3 122951 90697.8 142874 140063 27780.8 118532 122277 123434 20691.3 111505 195727 86263.5 83702.7 108632 120443 197188 137460 90594.6 43201.3 43336.6 114046 100631 10477.6 137736 155286 16306.6 152964 179355 112477 42095.1 78661.9 139276 143036 13589.2 69197.9 7654.29 184078 103654 68009.8 33692.4 179583 101625 155248 45615.8 159006 34424.6 38905.6 84654.1 60033.8 74700.3 147495 80077 112717 136081 31179.4 199765 52184.8 120843 118789 178248 111963 95251.2 46418.7 89135.6 31470 82443.7 34506.6 60563.6 160432 13218 166915 184948 39858.8 12225.3 180104 38270.3 167085 157982 41085.1 124781 121023 59225.3 127260 50716.4 98127.6 98418.3 165089 55353.9 106428 70906.4 38513.6 60300.5 177797 180666 15781.1 48480.1 78138.3 154404 54425.7 125800 193691 26791.2 35952.3 133948 42938.2 47619.6 55702.4 75707.3 161357 52988.2 118790 50327 66291.7 13951.7 154091 88923.6 175268 93668.8 10747 58621.3 180466 40312 44843.2 91641.7 59983.1 26311.8 54679.6 104745 79656.3 89369.9 1672.95 87274.8 163300 85064.4 22068.5 134328 31422.4 152422 79897.4 116570 1184.85 17214.2 111896 43600.6 26009.4 132296 100554 111171 42669.5 103621 63015.9 70748.4 154464 50042 0 0 0 0 0 0 0 0 0 0 0 0 0 0 0 0 
0 127444 120803 97495.1 25032.4 174378 22853.9 47977.8 110857 177550 20215.7 165453 110944 101526 34229.4 7176.25 165097 28276.1 116615 119056 81883.6 163966 140063 197593 129294 184961 193019 117252 190628 78810.6 5904.35 170126 113429 149879 139185 98140.8 148258 53656.1 159284 55194 13903 66440.3 153203 179351 48057 99894.4 41981.4 190377 174462 162794 136172 120951 51188.2 147124 117758 185492 115131 67236.1 55119.1 8628.83 168650 98758.7 20784.4 85760 80315.8 146370 7524.16 137366 37761 113234 75098 109735 124650 116929 22695 172573 102167 167590 24309 21618.6 2260.03 181804 31614.2 38106.4 134004 59486.1 105449 194476 69191.9 102068 125695 76057.8 58014.8 58183.1 155142 40693.5 83579.1 169753 12029.9 37377.1 131207 148145 108493 20017.1 84625.5 159810 108643 90710.9 197312 8483.61 180308 5945.52 105278 76578.6 47159.8 14304.9 71058.8 97885.5 4008.67 85706.3 35725.3 85060.4 146872 174380 140936 62415.7 50444.5 62433.7 106150 182871 14450.9 56342.6 105530 124926 12774.9 186288 136124 20860.7 193840 31444.1 145749 105113 80273.9 85252.3 157264 143010 198805 70269.5 147197 49027.4 157361 113514 8963.74 126790 120851 56760.3 148758 78048.1 147670 181331 191222 54981.3 9135.39 42268.7 55492.8 184910 8489.98 147087 69083.4 144649 164878 64249.7 191243 1 0 0 0 0 0 0 0 0 0 0 0 0 0 0 0 0 
0 164689 75885.5 12627.8 63103.9 124815 10146.9 128104 177981 46252.5 26385.9 12591.7 172568 144219 96291 23222.6 80630.8 25009.8 52349.8 73747.4 195292 161517 27780.8 129294 33027.1 128617 174843 1208.4 181307 67069 59359.6 38431.1 148046 71300.9 103583 78664 187602 192897 103404 135348 138440 13343.8 76244.7 83383 181644 155942 170795 13261.5 60438.2 7225.67 89503.4 165881 126299 12252.2 169860 34676.2 156817 158368 130253 64549.9 69127.1 123678 124962 27539.1 87506.7 186423 48812.2 114293 101758 80577.1 37725 127158 112337 158641 154834 188435 186320 166740 77348.2 57778.6 92084.3 192650 125838 70695.4 152884 48461.8 26236.8 42110.6 75768.9 96171.7 189921 133315 136863 77368.7 173564 83954.3 126702 1488.29 131916 80728.3 72334.3 88013.2 160488 94001.6 106283 25037.6 86251.4 139824 12328.9 83722.1 31363.3 192358 182185 79463.9 99267 185635 101924 27303.6 50270.4 72912.9 111420 108483 91945.4 78760.1 179159 35399.2 118759 82515.6 133273 79685.8 112082 180014 100379 72198.9 133292 94641.6 31200.3 150305 138694 64540.8 193109 90703.6 39566.7 182814 22638.6 75273.9 64999.5 82806.8 66120.8 94190.2 89704.7 86292.8 24615.6 135866 186793 182187 168636 8538.1 67073.9 42008.5 120124 29559.7 77778 78944.8 136423 74182.3 159252 127093 135769 98465.4 92287.6 108814 15 0 0 0 0 0 0 0 0 0 0 0 0 0 0 0 0 0 
0 134244 118009 166432 117705 104101 174677 54228.2 146857 168540 30759.7 142185 115431 100779 38326.9 121037 30730.1 77048.4 53232.8 110325 20333.7 144720 118532 184961 128617 189322 158467 149695 160389 165092 139780 122720 62519.9 4340.64 25370.6 28215.1 37095.3 115.171 101125 149063 83328.2 136797 114312 45681.5 81505.3 37420.5 86251 40360.6 127207 25101.5 100726 144227 62156 96906.5 126517 62729.6 131501 156151 97070.4 167842 113252 161682 44471.7 48260.9 77998.9 60676.6 60871.6 135934 134353 141709 160359 110217 168982 94607.4 7591.32 77762.1 38938.7 187853 25110.1 4808.14 88959 173424 92363.5 2398.77 61273.3 58734.9 29039 87113.2 78265.1 97584.1 62645.5 95178.5 190812 87485.6 59243 61127.2 85541.4 84836 91662.7 184855 44533.3 7385.22 122089 150795 65394.8 43207 28525.9 1016.93 104275 143893 53442.6 177415 3568.06 177153 79602.1 166391 73182.5 108922 21721.4 146585 103150 27716.2 156007 65366.3 168253 116157 120421 91671.9 191337 35432.8 154454 117184 65370.8 195365 118485 132920 56555.7 153779 55904.6 59795.8 138861 159511 99405.1 88418 37039 137498 55914.3 59297.6 33991 198145 5338.3 169273 39344.6 112829 29537.2 67402.3 173137 91309.3 106661 70030.3 235.203 101473 145667 104528 163217 126852 64983.1 141674 89182.8 49866.6 4103.98 117 0 0 0 0 0 0 0 0 0 0 0 0 0 0 0 0 0 0 
0 133627 35868.1 138164 96345.4 12605 145627 34778.9 161905 56205 147920 259.625 147997 74748.8 173725 98595.2 106433 193598 11252.8 89847.6 39590.7 34605.7 122277 193019 174843 158467 167343 183907 198085 157245 86274.7 134795 187459 55053.7 132696 138919 113593 7237.2 42097.4 14049.6 188191 131345 74237.6 9597.55 32696.6 124754 167926 79450.3 182926 67009.6 140124 154435 129024 190275 24132.3 92236.5 157892 56257.8 137899 2120.83 158533 64202.7 165827 163893 95918.1 27625 61482.7 101786 169127 65173.7 32966.3 120705 188270 139524 80605.6 87688 118218 64888.9 77829.9 84307.9 69981.2 33738.4 3849.73 189612 5034.92 125941 108966 123296 5396.27 117762 68950 28866.4 103060 66255.9 12155.3 15886 157574 171160 161883 162520 25585.1 183931 52122 104142 33151.9 22333.9 32770.6 22697.1 197922 107203 12346.1 7397.66 152718 60661.7 171112 47992 154870 6395.18 60628.1 164428 25796.2 16909.2 92921.2 131426 189459 195191 113877 122225 95841.1 132841 156819 162065 110417 154640 21830.5 59522.3 57148.5 195337 47209.3 108536 35353.5 19791.3 54795.7 5952.06 187874 189036 90341.4 89423.7 26736.9 198970 194567 62476.3 28791.9 35909.2 180233 113167 99161.1 45779.6 52347.2 33439.4 65324 63834.9 100156 12028 110231 187637 45762.8 171623 119109 83746.9 799 0 0 0 0 0 0 0 0 0 0 0 0 0 0 0 0 0 0 0 
0 164557 64674.9 145008 36101.5 176733 22690.7 41584.5 11611.7 34352.9 72143.2 62280.1 58393.9 127643 124468 45306.4 159695 185533 37275.2 23785.2 160109 65456.4 123434 117252 1208.4 149695 183907 175923 182533 199275 12412.2 49395.6 58296 16019.9 54228.7 117377 164925 92095.5 78469.4 140332 31385.8 74915.4 30652 36655.1 137129 96669.4 170313 136063 45452.7 22247 14272.4 87471.4 138947 192612 20101.9 174637 130585 99099.2 2813.51 163700 111543 55929.5 188572 195969 127341 48266.6 174687 163391 16247.7 70783.4 177739 122798 160791 23795.2 163421 188356 165163 46217.2 132027 66640.3 153837 144383 105912 134679 60977.7 74663.7 22517.8 128912 125015 122012 34219 175405 147567 86363.3 68377.9 187724 48917.5 47127.4 186273 192580 104129 164079 150344 142960 198649 170675 173117 29507.3 16035.6 132401 29386.4 9620.87 172949 94568 23367.5 169985 74981.4 163327 128292 104565 64656.4 116199 180370 24354.7 85141.6 177050 94694.1 181876 155911 10098.1 131916 145615 105514 141322 121079 101969 162212 37902.1 136066 131266 37021.2 157581 99632.3 117866 30145.1 51423.8 190214 82645.2 13374.2 152170 32141.5 194405 124205 61646.7 84876.9 96603.3 93209.2 146989 14918 111882 16467 113260 109269 26922.2 82796 74855.3 65197.1 34281.9 187292 5195 0 0 0 0 0 0 0 0 0 0 0 0 0 0 0 0 0 0 0 0 
0 68162.8 158154 46246.7 180472 121297 87091.6 166875 11626.4 16602.1 69841.1 144499 13715.3 197337 177796 72632.9 125320 105533 2701.05 152559 62570 188305 20691.3 190628 181307 160389 198085 182533 44032.1 172738 173934 175757 84562.1 4651.42 69880.1 31746.8 118627 55641 52940.8 2185.15 69341.5 22337.2 142005 119321 57242.5 196962 189177 35147.2 183003 127312 168833 173308 41269.7 190328 33800.6 2351.33 12680.8 32901.6 111891 149485 93161.3 157101 70050.5 75032.1 15985.4 143750 13983.9 180484 139853 188190 20125.2 134479 60735 155782 155329 120924 160955 140168 189297 92659.3 35379.1 37269.7 34076 143850 104592 162498 119366 193193 91619.5 129967 94303.7 195281 62395 22672.1 31504.2 133818 112148 162470 84893.9 12954.4 183236 149523 111460 115938 117473 128132 118568 127269 185340 85966.2 152667 11606.1 175325 92920.8 132370 163245 100982 32063.5 116746 9814.11 114354 71807.3 146703 20613.1 88147.5 4843.54 162730 56928.7 25093 194718 86801.9 33921.2 152515 38835.8 137553 128125 164004 77770.6 1440.48 26377.8 136992 17077.3 131911 152545 137027 68710.6 149586 41315.1 67001.7 198690 26376.5 2303.06 146301 27625.5 139008 67113.1 75783.5 114749 68447.9 130530 1610.71 160037 48395 114728 13120.8 33158.7 18184.4 188070 32331 0 0 0 0 0 0 0 0 0 0 0 0 0 0 0 0 0 0 0 0 0 
0 34698.3 61557.3 145893 38997.4 181119 10853.6 107884 46434 30591.5 199860 139258 156340 70603 124445 115510 85479.5 23760.6 188890 179620 23723.9 113039 111505 78810.6 67069 165092 157245 199275 172738 135368 166241 79994.7 180147 15485.9 81974.7 110168 153657 127913 130714 99538 39498.4 153484 26498.9 31377.7 54206.3 24047.3 146836 86056 15466.6 87878.6 174640 1333.08 164300 137881 74937.6 85243.1 27797.3 48964.8 169059 99180.7 125060 111357 198170 70905.8 39530.8 53947.6 120147 2855.13 83071.5 168785 66541.9 31881 71329.9 116456 110164 130431 72533.1 185310 65941.9 176984 55896.7 48811.9 148723 184149 196850 149000 101174 53145 157152 83779.1 54528.5 46297.9 96728.7 196750 148725 18575.1 174520 37979.8 167833 153829 197330 57824.3 63134.5 22430.3 62660.3 3283.25 82253.4 57288.5 112989 125636 57434.2 36355.3 30944 76139.4 7116.67 181188 67404.5 36218.8 80925.9 59403.2 125342 61973.1 152413 6011.07 137902 49286 76383.4 121516 6545.96 82369 24480.9 143922 162834 176558 62287.9 26177.7 83167.2 190381 57599 151531 109234 843.475 174183 177252 48840.3 176284 41105.3 116959 185698 181377 30343.4 108289 171832 173378 86935.7 196920 47789.9 30529.5 131146 73612 89581.7 182738 97794.9 105182 21636.6 92875.2 114990 192841 0 0 0 0 0 0 0 0 0 0 0 0 0 0 0 0 0 0 0 0 0 0 
