0 0 0 0 0 0 0 0 0 0 0 0 0 0 0 0 0 0 0 0 
0 94398.8 100023 114881 153117 195350 26348.2 56551.5 4841.07 42719.9 193513 114123 114318 163151 180148 150829 106397 50607.6 193158 38146 
0 100023 58235.7 187512 117433 189485 157376 112707 32898.1 90749.6 183700 35434.8 34435.1 181442 64477.8 183288 9731.57 83685 86644 3 
0 114881 187512 142192 47727.8 82379.9 6550.9 150464 178739 94621 129197 2448.81 88959.9 139224 130439 72997.1 69482 36484.9 32 0 
0 153117 117433 47727.8 188898 124077 163625 49446.4 154483 89017.8 64567.6 35111.7 186326 164709 140676 147411 127923 184 0 0 
0 195350 189485 82379.9 124077 198664 72256.5 19596.8 172191 118070 91134.1 59758 104107 107166 115941 129713 738 0 0 0 
0 26348.2 157376 6550.9 163625 72256.5 75243.3 132875 154334 30292.1 117594 76992.4 56706.5 61450.1 43198.7 2217 0 0 0 0 
0 56551.5 112707 150464 49446.4 19596.8 132875 152922 31095.2 25265.6 77527.6 70965.9 122901 160265 5174 0 0 0 0 0 
0 4841.07 32898.1 178739 154483 172191 154334 31095.2 30887.9 161137 158986 135988 189026 9609 0 0 0 0 0 0 
0 42719.9 90749.6 94621 89017.8 118070 30292.1 25265.6 161137 127196 69984.5 34911.3 14415 0 0 0 0 0 0 0 
0 193513 183700 129197 64567.6 91134.1 117594 77527.6 158986 69984.5 105457 17619 0 0 0 0 0 0 0 0 
0 114123 35434.8 2448.81 35111.7 59758 76992.4 70965.9 135988 34911.3 17619 0 0 0 0 0 0 0 0 0 
0 114318 34435.1 88959.9 186326 104107 56706.5 122901 189026 14415 0 0 0 0 0 0 0 0 0 0 
0 163151 181442 139224 164709 107166 61450.1 160265 9609 0 0 0 0 0 0 0 0 0 0 0 
0 180148 64477.8 130439 140676 115941 43198.7 5174 0 0 0 0 0 0 0 0 0 0 0 0 
0 150829 183288 72997.1 147411 129713 2217 0 0 0 0 0 0 0 0 0 0 0 0 0 
0 106397 9731.57 69482 127923 738 0 0 0 0 0 0 0 0 0 0 0 0 0 0 
0 50607.6 83685 36484.9 184 0 0 0 0 0 0 0 0 0 0 0 0 0 0 0 
0 193158 86644 32 0 0 0 0 0 0 0 0 0 0 0 0 0 0 0 0 
0 38146 3 0 0 0 0 0 0 0 0 0 0 0 0 0 0 0 0 0 
