0 0 0 0 0 0 0 0 0 0 0 0 0 0 0 0 0 0 0 0 0 0 0 0 0 0 0 0 0 0 0 0 0 0 0 0 0 0 0 0 0 0 0 0 0 0 0 0 0 0 0 0 0 0 0 0 0 0 0 0 0 0 1 1 1 1 1 1 1 1 1 1 1 1 1 1 1 1 1 1 1 1 1 1 1 1 1 1 1 0 0 0 0 0 0 0 0 0 0 0 0 0 0 0 0 0 0 0 0 0 0 0 0 0 0 0 0 0 0 0 0 0 0 0 0 0 0 0 0 0 0 0 0 0 0 0 0 0 0 0 0 0 0 0 0 0 0 0 0 0 0 
0 0 0 0 0 0 0 0 0 0 0 0 0 0 0 0 0 0 0 0 0 0 0 0 0 0 0 0 0 0 0 0 0 0 0 0 0 0 0 0 0 0 0 0 0 0 0 0 0 0 0 0 0 0 0 0 0 1 1 2 3 4 0.999 2.999 3.999 3.999 3.999 3.999 3.999 3.999 3.999 3.999 3.999 3.999 3.999 3.999 3.999 3.999 3.999 3.999 3.999 3.999 3.999 3.999 3.999 3.999 3.999 2.999 0.999 4 3 2 1 1 0 0 0 0 0 0 0 0 0 0 0 0 0 0 0 0 0 0 0 0 0 0 0 0 0 0 0 0 0 0 0 0 0 0 0 0 0 0 0 0 0 0 0 0 0 0 0 0 0 0 0 0 0 0 0 0 0 
0 0 0 0 0 0 0 0 0 0 0 0 0 0 0 0 0 0 0 0 0 0 0 0 0 0 0 0 0 0 0 0 0 0 0 0 0 0 0 0 0 0 0 0 0 0 0 0 0 0 0 0 0 0 1 2 4 0.999 3.999 2.998 0.997 3.997 3.996 2.995 0.994 2.994 3.994 3.994 3.994 3.994 3.994 3.994 3.994 3.994 3.994 3.994 3.994 3.994 3.994 3.994 3.994 3.994 3.994 3.994 3.994 2.994 0.994 2.995 3.996 3.997 0.997 2.998 3.999 0.999 4 2 1 0 0 0 0 0 0 0 0 0 0 0 0 0 0 0 0 0 0 0 0 0 0 0 0 0 0 0 0 0 0 0 0 0 0 0 0 0 0 0 0 0 0 0 0 0 0 0 0 0 0 0 0 0 0 
0 0 0 0 0 0 0 0 0 0 0 0 0 0 0 0 0 0 0 0 0 0 0 0 0 0 0 0 0 0 0 0 0 0 0 0 0 0 0 0 0 0 0 0 0 0 0 0 0 0 0 1 2 4 2.999 2.998 2.997 3.996 3.995 0.993 2.992 3.991 0.989 2.988 3.987 2.986 0.985 2.985 3.985 3.985 3.985 3.985 3.985 3.985 3.985 3.985 3.985 3.985 3.985 3.985 3.985 3.985 3.985 2.985 0.985 2.986 3.987 2.988 0.989 3.991 2.992 0.993 3.995 3.996 2.997 2.998 2.999 4 2 1 0 0 0 0 0 0 0 0 0 0 0 0 0 0 0 0 0 0 0 0 0 0 0 0 0 0 0 0 0 0 0 0 0 0 0 0 0 0 0 0 0 0 0 0 0 0 0 0 0 0 0 
0 0 0 0 0 0 0 0 0 0 0 0 0 0 0 0 0 0 0 0 0 0 0 0 0 0 0 0 0 0 0 0 0 0 0 0 0 0 0 0 0 0 0 0 0 0 0 0 1 2 4 2.999 2.998 3.997 2.995 2.993 2.991 0.989 3.988 3.986 3.984 2.982 3.98 2.978 0.976 2.975 3.974 3.973 1.972 3.972 3.972 3.972 3.972 3.972 3.972 3.972 3.972 3.972 3.972 3.972 3.972 3.972 1.972 3.973 3.974 2.975 0.976 2.978 3.98 2.982 3.984 3.986 3.988 0.989 2.991 2.993 2.995 3.997 2.998 2.999 4 2 1 0 0 0 0 0 0 0 0 0 0 0 0 0 0 0 0 0 0 0 0 0 0 0 0 0 0 0 0 0 0 0 0 0 0 0 0 0 0 0 0 0 0 0 0 0 0 0 0 
0 0 0 0 0 0 0 0 0 0 0 0 0 0 0 0 0 0 0 0 0 0 0 0 0 0 0 0 0 0 0 0 0 0 0 0 0 0 0 0 0 0 0 0 0 0 1 4 2.999 2.998 3.997 2.995 2.993 3.991 2.988 2.985 0.982 2.98 3.978 2.975 0.972 3.97 0.967 2.965 3.963 3.961 3.959 1.957 3.956 2.955 3.955 3.955 3.955 3.955 3.955 3.955 3.955 3.955 3.955 3.955 3.955 2.955 3.956 1.957 3.959 3.961 3.963 2.965 0.967 3.97 0.972 2.975 3.978 2.98 0.982 2.985 2.988 3.991 2.993 2.995 3.997 2.998 2.999 4 1 0 0 0 0 0 0 0 0 0 0 0 0 0 0 0 0 0 0 0 0 0 0 0 0 0 0 0 0 0 0 0 0 0 0 0 0 0 0 0 0 0 0 0 0 0 0 
0 0 0 0 0 0 0 0 0 0 0 0 0 0 0 0 0 0 0 0 0 0 0 0 0 0 0 0 0 0 0 0 0 0 0 0 0 0 0 0 0 0 0 1 2 4 3.999 1.997 2.995 2.993 3.991 2.988 2.985 3.982 2.978 0.974 2.971 2.968 3.965 0.961 2.958 2.955 3.952 3.949 3.946 3.943 1.94 3.938 3.936 0.934 3.934 3.934 3.934 3.934 3.934 3.934 3.934 3.934 3.934 3.934 3.934 0.934 3.936 3.938 1.94 3.943 3.946 3.949 3.952 2.955 2.958 0.961 3.965 2.968 2.971 0.974 2.978 3.982 2.985 2.988 3.991 2.993 2.995 1.997 3.999 4 2 1 0 0 0 0 0 0 0 0 0 0 0 0 0 0 0 0 0 0 0 0 0 0 0 0 0 0 0 0 0 0 0 0 0 0 0 0 0 0 0 0 0 0 0 
0 0 0 0 0 0 0 0 0 0 0 0 0 0 0 0 0 0 0 0 0 0 0 0 0 0 0 0 0 0 0 0 0 0 0 0 0 0 0 0 0 1 3 1.999 2.998 3.997 3.995 3.992 0.988 2.985 3.982 2.978 2.974 3.97 0.965 2.961 2.957 2.953 2.949 3.945 3.941 3.937 3.933 3.929 3.925 1.921 3.918 3.915 1.912 2.91 1.909 3.909 3.909 3.909 3.909 3.909 3.909 3.909 3.909 3.909 1.909 2.91 1.912 3.915 3.918 1.921 3.925 3.929 3.933 3.937 3.941 3.945 2.949 2.953 2.957 2.961 0.965 3.97 2.974 2.978 3.982 2.985 0.988 3.992 3.995 3.997 2.998 1.999 3 1 0 0 0 0 0 0 0 0 0 0 0 0 0 0 0 0 0 0 0 0 0 0 0 0 0 0 0 0 0 0 0 0 0 0 0 0 0 0 0 0 0 
0 0 0 0 0 0 0 0 0 0 0 0 0 0 0 0 0 0 0 0 0 0 0 0 0 0 0 0 0 0 0 0 0 0 0 0 0 0 0 1 3 1.999 3.998 3.996 0.993 3.991 3.988 3.984 2.979 0.974 3.97 2.965 2.96 2.955 3.95 3.945 3.94 3.935 3.93 3.925 3.92 3.915 3.91 3.905 1.9 3.896 3.892 2.888 3.885 0.882 3.881 2.88 3.88 3.88 3.88 3.88 3.88 3.88 3.88 2.88 3.881 0.882 3.885 2.888 3.892 3.896 1.9 3.905 3.91 3.915 3.92 3.925 3.93 3.935 3.94 3.945 3.95 2.955 2.96 2.965 3.97 0.974 2.979 3.984 3.988 3.991 0.993 3.996 3.998 1.999 3 1 0 0 0 0 0 0 0 0 0 0 0 0 0 0 0 0 0 0 0 0 0 0 0 0 0 0 0 0 0 0 0 0 0 0 0 0 0 0 0 
0 0 0 0 0 0 0 0 0 0 0 0 0 0 0 0 0 0 0 0 0 0 0 0 0 0 0 0 0 0 0 0 0 0 0 0 0 1 3 1.999 3.998 3.996 1.993 3.99 2.986 1.982 3.978 3.973 2.967 3.961 2.955 2.949 2.943 2.937 2.931 2.925 2.919 2.913 2.907 2.901 2.895 2.889 2.883 1.877 3.872 3.867 3.862 0.857 3.854 3.851 3.849 0.847 3.847 3.847 3.847 3.847 3.847 3.847 3.847 0.847 3.849 3.851 3.854 0.857 3.862 3.867 3.872 1.877 2.883 2.889 2.895 2.901 2.907 2.913 2.919 2.925 2.931 2.937 2.943 2.949 2.955 3.961 2.967 3.973 3.978 1.982 2.986 3.99 1.993 3.996 3.998 1.999 3 1 0 0 0 0 0 0 0 0 0 0 0 0 0 0 0 0 0 0 0 0 0 0 0 0 0 0 0 0 0 0 0 0 0 0 0 0 0 
0 0 0 0 0 0 0 0 0 0 0 0 0 0 0 0 0 0 0 0 0 0 0 0 0 0 0 0 0 0 0 0 0 0 0 0 2 0.999 2.998 3.996 1.993 3.99 3.986 1.981 1.976 3.971 1.965 3.959 3.952 0.944 2.937 2.93 3.923 3.916 3.909 3.902 3.895 3.888 3.881 3.874 3.867 3.86 3.853 2.846 3.84 3.834 2.828 2.823 3.819 0.815 3.813 2.811 2.81 3.81 3.81 3.81 3.81 3.81 2.81 2.811 3.813 0.815 3.819 2.823 2.828 3.834 3.84 2.846 3.853 3.86 3.867 3.874 3.881 3.888 3.895 3.902 3.909 3.916 3.923 2.93 2.937 0.944 3.952 3.959 1.965 3.971 1.976 1.981 3.986 3.99 1.993 3.996 2.998 0.999 2 0 0 0 0 0 0 0 0 0 0 0 0 0 0 0 0 0 0 0 0 0 0 0 0 0 0 0 0 0 0 0 0 0 0 0 0 
0 0 0 0 0 0 0 0 0 0 0 0 0 0 0 0 0 0 0 0 0 0 0 0 0 0 0 0 0 0 0 0 0 0 1 4 3.999 3.997 2.994 0.99 2.986 0.981 2.976 1.97 3.964 1.957 3.95 2.942 3.934 2.925 0.916 3.908 0.899 2.891 3.883 3.875 3.867 3.859 3.851 3.843 3.835 3.827 3.819 2.811 3.804 3.797 0.79 3.785 1.78 2.776 1.773 3.771 0.769 3.769 3.769 3.769 3.769 3.769 0.769 3.771 1.773 2.776 1.78 3.785 0.79 3.797 3.804 2.811 3.819 3.827 3.835 3.843 3.851 3.859 3.867 3.875 3.883 2.891 0.899 3.908 0.916 2.925 3.934 2.942 3.95 1.957 3.964 1.97 2.976 0.981 2.986 0.99 2.994 3.997 3.999 4 1 0 0 0 0 0 0 0 0 0 0 0 0 0 0 0 0 0 0 0 0 0 0 0 0 0 0 0 0 0 0 0 0 0 0 
0 0 0 0 0 0 0 0 0 0 0 0 0 0 0 0 0 0 0 0 0 0 0 0 0 0 0 0 0 0 0 0 1 3 2.999 0.997 2.995 3.992 3.988 3.983 1.977 3.971 1.964 3.957 1.949 3.941 3.932 0.922 3.913 3.903 3.893 3.883 3.873 2.863 0.853 2.844 3.835 3.826 3.817 3.808 3.799 3.79 3.781 2.772 3.764 2.756 2.749 2.743 3.738 0.733 3.73 2.727 2.725 2.724 3.724 3.724 3.724 2.724 2.725 2.727 3.73 0.733 3.738 2.743 2.749 2.756 3.764 2.772 3.781 3.79 3.799 3.808 3.817 3.826 3.835 2.844 0.853 2.863 3.873 3.883 3.893 3.903 3.913 0.922 3.932 3.941 1.949 3.957 1.964 3.971 1.977 3.983 3.988 3.992 2.995 0.997 2.999 3 1 0 0 0 0 0 0 0 0 0 0 0 0 0 0 0 0 0 0 0 0 0 0 0 0 0 0 0 0 0 0 0 0 
0 0 0 0 0 0 0 0 0 0 0 0 0 0 0 0 0 0 0 0 0 0 0 0 0 0 0 0 0 0 0 2 0.999 2.998 2.996 3.993 2.989 0.984 2.979 3.973 3.966 1.958 3.95 1.941 3.932 3.922 2.911 3.9 3.889 0.877 3.866 0.854 2.843 3.832 3.821 3.81 1.799 3.789 3.779 3.769 3.759 3.749 3.739 2.729 3.72 0.711 3.704 0.697 3.692 3.687 3.683 0.679 3.677 0.675 3.675 3.675 3.675 0.675 3.677 0.679 3.683 3.687 3.692 0.697 3.704 0.711 3.72 2.729 3.739 3.749 3.759 3.769 3.779 3.789 1.799 3.81 3.821 3.832 2.843 0.854 3.866 0.877 3.889 3.9 2.911 3.922 3.932 1.941 3.95 1.958 3.966 3.973 2.979 0.984 2.989 3.993 2.996 2.998 0.999 2 0 0 0 0 0 0 0 0 0 0 0 0 0 0 0 0 0 0 0 0 0 0 0 0 0 0 0 0 0 0 0 
0 0 0 0 0 0 0 0 0 0 0 0 0 0 0 0 0 0 0 0 0 0 0 0 0 0 0 0 0 0 2 2.999 2.997 0.994 3.991 0.986 2.981 3.975 3.968 1.96 3.952 3.943 1.933 3.923 3.912 3.9 2.887 0.874 3.862 3.849 2.836 3.823 2.81 0.797 3.785 0.772 2.76 0.748 2.737 3.726 3.715 3.704 3.693 2.682 1.672 2.663 2.655 3.648 3.642 0.636 3.632 3.628 2.625 2.623 2.622 3.622 2.622 2.623 2.625 3.628 3.632 0.636 3.642 3.648 2.655 2.663 1.672 2.682 3.693 3.704 3.715 3.726 2.737 0.748 2.76 0.772 3.785 0.797 2.81 3.823 2.836 3.849 3.862 0.874 2.887 3.9 3.912 3.923 1.933 3.943 3.952 1.96 3.968 3.975 2.981 0.986 3.991 0.994 2.997 2.999 2 0 0 0 0 0 0 0 0 0 0 0 0 0 0 0 0 0 0 0 0 0 0 0 0 0 0 0 0 0 0 
0 0 0 0 0 0 0 0 0 0 0 0 0 0 0 0 0 0 0 0 0 0 0 0 0 0 0 0 0 2 3.999 0.996 2.993 3.989 3.984 3.978 3.971 2.963 0.954 2.945 0.935 2.925 3.914 3.902 3.889 3.875 0.86 2.846 3.832 0.817 3.803 0.788 2.774 3.76 3.746 3.732 1.718 3.705 3.692 1.679 3.667 3.655 3.643 0.631 3.621 2.611 2.602 0.594 3.588 3.582 3.577 0.572 2.569 3.567 0.565 3.565 0.565 3.567 2.569 0.572 3.577 3.582 3.588 0.594 2.602 2.611 3.621 0.631 3.643 3.655 3.667 1.679 3.692 3.705 1.718 3.732 3.746 3.76 2.774 0.788 3.803 0.817 3.832 2.846 0.86 3.875 3.889 3.902 3.914 2.925 0.935 2.945 0.954 2.963 3.971 3.978 3.984 3.989 2.993 0.996 3.999 2 0 0 0 0 0 0 0 0 0 0 0 0 0 0 0 0 0 0 0 0 0 0 0 0 0 0 0 0 0 
0 0 0 0 0 0 0 0 0 0 0 0 0 0 0 0 0 0 0 0 0 0 0 0 0 0 0 0 2 3.999 2.996 3.992 2.987 2.981 0.974 3.967 0.958 2.949 3.939 1.928 3.917 3.905 3.892 3.878 3.863 2.847 3.831 3.815 2.799 3.783 3.767 3.751 3.735 2.719 0.703 2.688 3.673 3.658 2.643 3.629 1.615 2.602 1.589 2.577 3.566 2.555 0.545 2.537 3.53 0.523 3.518 2.513 0.509 3.507 2.505 0.504 2.505 3.507 0.509 2.513 3.518 0.523 3.53 2.537 0.545 2.555 3.566 2.577 1.589 2.602 1.615 3.629 2.643 3.658 3.673 2.688 0.703 2.719 3.735 3.751 3.767 3.783 2.799 3.815 3.831 2.847 3.863 3.878 3.892 3.905 3.917 1.928 3.939 2.949 0.958 3.967 0.974 2.981 2.987 3.992 2.996 3.999 2 0 0 0 0 0 0 0 0 0 0 0 0 0 0 0 0 0 0 0 0 0 0 0 0 0 0 0 0 
0 0 0 0 0 0 0 0 0 0 0 0 0 0 0 0 0 0 0 0 0 0 0 0 0 0 0 2 3.999 3.996 2.991 0.985 3.979 0.971 2.963 2.954 3.944 3.933 1.921 3.909 3.896 3.882 3.867 3.851 3.834 2.816 2.798 0.78 3.763 2.745 0.727 3.71 0.692 2.675 3.658 3.641 3.624 3.607 0.59 3.575 2.56 3.546 2.532 2.519 3.507 0.495 2.485 2.476 2.468 3.461 3.455 3.45 3.446 2.443 2.441 1.44 2.441 2.443 3.446 3.45 3.455 3.461 2.468 2.476 2.485 0.495 3.507 2.519 2.532 3.546 2.56 3.575 0.59 3.607 3.624 3.641 3.658 2.675 0.692 3.71 0.727 2.745 3.763 0.78 2.798 2.816 3.834 3.851 3.867 3.882 3.896 3.909 1.921 3.933 3.944 2.954 2.963 0.971 3.979 0.985 2.991 3.996 3.999 2 0 0 0 0 0 0 0 0 0 0 0 0 0 0 0 0 0 0 0 0 0 0 0 0 0 0 0 
0 0 0 0 0 0 0 0 0 0 0 0 0 0 0 0 0 0 0 0 0 0 0 0 0 0 2 3.999 3.996 3.991 0.984 2.977 2.969 3.96 3.95 3.939 3.927 1.914 3.901 3.887 3.872 3.856 3.839 3.821 3.802 2.782 0.762 2.743 3.724 0.704 2.685 2.666 3.647 3.628 3.609 3.59 3.571 1.552 2.534 1.517 2.501 3.486 2.471 2.457 2.444 3.432 3.421 3.411 3.402 3.394 1.387 3.382 3.378 3.375 3.373 2.372 3.373 3.375 3.378 3.382 1.387 3.394 3.402 3.411 3.421 3.432 2.444 2.457 2.471 3.486 2.501 1.517 2.534 1.552 3.571 3.59 3.609 3.628 3.647 2.666 2.685 0.704 3.724 2.743 0.762 2.782 3.802 3.821 3.839 3.856 3.872 3.887 3.901 1.914 3.927 3.939 3.95 3.96 2.969 2.977 0.984 3.991 3.996 3.999 2 0 0 0 0 0 0 0 0 0 0 0 0 0 0 0 0 0 0 0 0 0 0 0 0 0 0 
0 0 0 0 0 0 0 0 0 0 0 0 0 0 0 0 0 0 0 0 0 0 0 0 0 2 3.999 3.996 3.991 2.984 3.976 3.967 3.957 3.946 3.934 3.921 1.907 3.893 3.878 3.862 3.845 3.827 3.808 3.788 3.767 0.745 2.724 2.703 2.682 3.661 3.64 3.619 3.598 3.577 3.556 3.535 2.514 3.494 0.474 3.456 0.438 3.422 2.406 2.391 2.377 2.364 2.352 2.341 2.331 1.322 3.315 1.309 3.305 3.302 3.3 2.299 3.3 3.302 3.305 1.309 3.315 1.322 2.331 2.341 2.352 2.364 2.377 2.391 2.406 3.422 0.438 3.456 0.474 3.494 2.514 3.535 3.556 3.577 3.598 3.619 3.64 3.661 2.682 2.703 2.724 0.745 3.767 3.788 3.808 3.827 3.845 3.862 3.878 3.893 1.907 3.921 3.934 3.946 3.957 3.967 3.976 2.984 3.991 3.996 3.999 2 0 0 0 0 0 0 0 0 0 0 0 0 0 0 0 0 0 0 0 0 0 0 0 0 0 
0 0 0 0 0 0 0 0 0 0 0 0 0 0 0 0 0 0 0 0 0 0 0 0 2 3.999 3.996 3.991 3.984 2.975 2.965 2.954 2.942 2.929 2.915 1.9 3.885 3.869 3.852 3.834 3.815 3.795 3.774 3.752 2.729 3.706 3.683 3.66 3.637 3.614 3.591 3.568 3.545 3.522 3.499 3.476 0.453 3.432 3.411 3.391 3.372 3.354 3.337 3.321 3.306 3.292 3.279 3.267 3.256 2.246 1.238 3.232 1.227 3.224 3.222 2.221 3.222 3.224 1.227 3.232 1.238 2.246 3.256 3.267 3.279 3.292 3.306 3.321 3.337 3.354 3.372 3.391 3.411 3.432 0.453 3.476 3.499 3.522 3.545 3.568 3.591 3.614 3.637 3.66 3.683 3.706 2.729 3.752 3.774 3.795 3.815 3.834 3.852 3.869 3.885 1.9 2.915 2.929 2.942 2.954 2.965 2.975 3.984 3.991 3.996 3.999 2 0 0 0 0 0 0 0 0 0 0 0 0 0 0 0 0 0 0 0 0 0 0 0 0 
0 0 0 0 0 0 0 0 0 0 0 0 0 0 0 0 0 0 0 0 0 0 0 2 3.999 3.996 3.991 3.984 3.975 2.964 2.952 2.939 2.925 2.91 2.894 1.877 3.86 3.842 3.823 3.803 3.782 3.76 3.737 3.713 2.688 2.663 2.638 2.613 2.588 2.563 2.538 2.513 2.488 2.463 2.438 1.413 2.389 3.366 2.343 0.321 3.301 0.281 2.263 3.246 3.23 3.215 3.201 3.188 3.176 0.165 3.157 2.15 3.145 1.141 3.139 2.138 3.139 1.141 3.145 2.15 3.157 0.165 3.176 3.188 3.201 3.215 3.23 3.246 2.263 0.281 3.301 0.321 2.343 3.366 2.389 1.413 2.438 2.463 2.488 2.513 2.538 2.563 2.588 2.613 2.638 2.663 2.688 3.713 3.737 3.76 3.782 3.803 3.823 3.842 3.86 1.877 2.894 2.91 2.925 2.939 2.952 2.964 3.975 3.984 3.991 3.996 3.999 2 0 0 0 0 0 0 0 0 0 0 0 0 0 0 0 0 0 0 0 0 0 0 0 
0 0 0 0 0 0 0 0 0 0 0 0 0 0 0 0 0 0 0 0 0 0 2 3.999 3.996 3.991 3.984 3.975 3.964 2.951 2.937 2.922 2.906 2.889 2.871 2.852 0.832 2.812 3.791 3.769 3.746 3.722 3.697 3.671 2.644 2.617 3.59 3.563 3.536 3.509 3.482 3.455 3.428 3.401 3.374 2.347 2.321 3.296 0.271 2.248 2.226 3.205 3.185 1.166 3.149 3.133 3.118 3.104 2.091 2.08 3.071 0.063 3.058 3.054 1.051 1.05 1.051 3.054 3.058 0.063 3.071 2.08 2.091 3.104 3.118 3.133 3.149 1.166 3.185 3.205 2.226 2.248 0.271 3.296 2.321 2.347 3.374 3.401 3.428 3.455 3.482 3.509 3.536 3.563 3.59 2.617 2.644 3.671 3.697 3.722 3.746 3.769 3.791 2.812 0.832 2.852 2.871 2.889 2.906 2.922 2.937 2.951 3.964 3.975 3.984 3.991 3.996 3.999 2 0 0 0 0 0 0 0 0 0 0 0 0 0 0 0 0 0 0 0 0 0 0 
0 0 0 0 0 0 0 0 0 0 0 0 0 0 0 0 0 0 0 0 0 2 3.999 3.996 3.991 3.984 3.975 3.964 3.951 2.936 2.92 2.903 2.885 2.866 3.846 3.825 3.803 2.78 0.756 2.732 3.707 3.681 3.654 3.626 2.597 3.568 0.538 2.509 2.48 3.451 3.422 3.393 3.364 3.335 3.306 2.277 2.249 2.222 3.196 3.171 3.147 2.124 0.102 2.082 0.063 2.046 3.03 3.015 1.001 3.99 2.98 2.972 2.966 3.962 2.959 2.958 2.959 3.962 2.966 2.972 2.98 3.99 1.001 3.015 3.03 2.046 0.063 2.082 0.102 2.124 3.147 3.171 3.196 2.222 2.249 2.277 3.306 3.335 3.364 3.393 3.422 3.451 2.48 2.509 0.538 3.568 2.597 3.626 3.654 3.681 3.707 2.732 0.756 2.78 3.803 3.825 3.846 2.866 2.885 2.903 2.92 2.936 3.951 3.964 3.975 3.984 3.991 3.996 3.999 2 0 0 0 0 0 0 0 0 0 0 0 0 0 0 0 0 0 0 0 0 0 
0 0 0 0 0 0 0 0 0 0 0 0 0 0 0 0 0 0 0 0 2 3.999 3.996 3.991 3.984 3.975 3.964 3.951 3.936 1.919 1.901 2.882 2.862 3.841 0.818 2.795 2.771 3.746 3.72 2.693 0.665 2.637 3.608 3.578 2.547 3.516 2.484 0.452 3.421 0.389 2.358 3.327 3.296 3.265 3.234 2.203 2.173 2.144 2.116 2.089 0.063 2.039 3.016 1.994 3.974 3.955 2.937 3.921 1.906 3.894 0.883 3.875 0.868 3.864 2.861 2.86 2.861 3.864 0.868 3.875 0.883 3.894 1.906 3.921 2.937 3.955 3.974 1.994 3.016 2.039 0.063 2.089 2.116 2.144 2.173 2.203 3.234 3.265 3.296 3.327 2.358 0.389 3.421 0.452 2.484 3.516 2.547 3.578 3.608 2.637 0.665 2.693 3.72 3.746 2.771 2.795 0.818 3.841 2.862 2.882 1.901 1.919 3.936 3.951 3.964 3.975 3.984 3.991 3.996 3.999 2 0 0 0 0 0 0 0 0 0 0 0 0 0 0 0 0 0 0 0 0 
0 0 0 0 0 0 0 0 0 0 0 0 0 0 0 0 0 0 0 2 3.999 3.996 3.991 3.984 3.975 3.964 3.951 3.936 1.919 3.901 3.881 0.859 2.837 3.814 2.789 0.763 3.737 0.709 2.681 3.652 3.622 2.591 0.559 2.527 1.494 3.461 2.427 3.393 3.359 3.325 3.291 1.257 3.224 3.191 3.158 2.125 3.093 3.062 3.032 2.003 3.976 3.95 3.925 2.901 3.879 3.858 0.838 3.821 0.805 1.792 2.781 2.772 3.765 3.76 3.757 3.756 3.757 3.76 3.765 2.772 2.781 1.792 0.805 3.821 0.838 3.858 3.879 2.901 3.925 3.95 3.976 2.003 3.032 3.062 3.093 2.125 3.158 3.191 3.224 1.257 3.291 3.325 3.359 3.393 2.427 3.461 1.494 2.527 0.559 2.591 3.622 3.652 2.681 0.709 3.737 0.763 2.789 3.814 2.837 0.859 3.881 3.901 1.919 3.936 3.951 3.964 3.975 3.984 3.991 3.996 3.999 2 0 0 0 0 0 0 0 0 0 0 0 0 0 0 0 0 0 0 0 
0 0 0 0 0 0 0 0 0 0 0 0 0 0 0 0 0 0 2 3.999 3.996 3.991 3.984 3.975 3.964 3.951 3.936 1.919 3.901 3.881 3.859 2.835 0.81 3.785 3.758 3.73 2.701 3.671 2.64 0.608 2.576 3.543 3.509 1.474 3.439 1.403 3.367 2.33 0.293 3.257 0.22 2.184 1.148 3.113 3.078 3.043 0.008 1.975 2.943 1.912 3.883 3.855 3.828 2.802 3.778 2.755 2.734 0.715 3.699 3.685 3.673 3.663 3.655 2.649 3.646 3.645 3.646 2.649 3.655 3.663 3.673 3.685 3.699 0.715 2.734 2.755 3.778 2.802 3.828 3.855 3.883 1.912 2.943 1.975 0.008 3.043 3.078 3.113 1.148 2.184 0.22 3.257 0.293 2.33 3.367 1.403 3.439 1.474 3.509 3.543 2.576 0.608 2.64 3.671 2.701 3.73 3.758 3.785 0.81 2.835 3.859 3.881 3.901 1.919 3.936 3.951 3.964 3.975 3.984 3.991 3.996 3.999 2 0 0 0 0 0 0 0 0 0 0 0 0 0 0 0 0 0 0 
0 0 0 0 0 0 0 0 0 0 0 0 0 0 0 0 0 2 3.999 3.996 3.991 3.984 3.975 3.964 3.951 3.936 1.919 3.901 3.881 3.859 3.835 2.809 3.782 3.754 0.724 2.694 3.663 0.63 2.597 3.563 2.528 0.492 2.456 3.419 1.381 3.343 3.304 0.264 2.225 2.186 3.147 3.108 1.069 1.031 2.994 3.957 3.92 2.884 0.849 2.816 1.784 3.754 3.725 2.697 3.671 0.646 2.624 3.604 2.586 3.571 3.558 3.547 3.538 0.531 3.528 3.527 3.528 0.531 3.538 3.547 3.558 3.571 2.586 3.604 2.624 0.646 3.671 2.697 3.725 3.754 1.784 2.816 0.849 2.884 3.92 3.957 2.994 1.031 1.069 3.108 3.147 2.186 2.225 0.264 3.304 3.343 1.381 3.419 2.456 0.492 2.528 3.563 2.597 0.63 3.663 2.694 0.724 3.754 3.782 2.809 3.835 3.859 3.881 3.901 1.919 3.936 3.951 3.964 3.975 3.984 3.991 3.996 3.999 2 0 0 0 0 0 0 0 0 0 0 0 0 0 0 0 0 0 
0 0 0 0 0 0 0 0 0 0 0 0 0 0 0 0 2 3.999 3.996 3.991 3.984 3.975 3.964 3.951 3.936 1.919 3.901 3.881 3.859 3.835 3.809 3.781 0.751 3.721 2.689 0.656 3.623 3.588 2.552 0.515 2.478 3.44 3.401 1.361 3.321 3.28 2.238 3.196 3.154 3.112 3.07 1.028 2.987 1.946 3.906 3.866 0.826 2.788 3.751 3.715 2.68 2.647 3.616 2.586 2.558 3.532 3.508 3.486 0.466 3.45 3.436 3.424 2.414 2.407 2.403 3.402 2.403 2.407 2.414 3.424 3.436 3.45 0.466 3.486 3.508 3.532 2.558 2.586 3.616 2.647 2.68 3.715 3.751 2.788 0.826 3.866 3.906 1.946 2.987 1.028 3.07 3.112 3.154 3.196 2.238 3.28 3.321 1.361 3.401 3.44 2.478 0.515 2.552 3.588 3.623 0.656 2.689 3.721 0.751 3.781 3.809 3.835 3.859 3.881 3.901 1.919 3.936 3.951 3.964 3.975 3.984 3.991 3.996 3.999 2 0 0 0 0 0 0 0 0 0 0 0 0 0 0 0 0 
0 0 0 0 0 0 0 0 0 0 0 0 0 0 0 2 3.999 3.996 3.991 2.984 2.975 2.964 2.951 2.936 1.919 3.901 3.881 3.859 3.835 3.809 3.781 3.751 2.719 2.686 2.652 3.617 3.581 0.543 2.505 3.466 3.426 3.385 1.343 3.301 3.258 3.214 2.169 2.124 2.079 2.034 0.989 3.945 3.901 3.857 1.813 2.77 3.728 3.687 3.647 3.608 2.57 0.534 3.501 3.469 3.439 3.411 3.385 2.361 2.34 2.322 3.307 3.294 0.283 3.276 0.271 3.27 0.271 3.276 0.283 3.294 3.307 2.322 2.34 2.361 3.385 3.411 3.439 3.469 3.501 0.534 2.57 3.608 3.647 3.687 3.728 2.77 1.813 3.857 3.901 3.945 0.989 2.034 2.079 2.124 2.169 3.214 3.258 3.301 1.343 3.385 3.426 3.466 2.505 0.543 3.581 3.617 2.652 2.686 2.719 3.751 3.781 3.809 3.835 3.859 3.881 3.901 1.919 2.936 2.951 2.964 2.975 2.984 3.991 3.996 3.999 2 0 0 0 0 0 0 0 0 0 0 0 0 0 0 0 
0 0 0 0 0 0 0 0 0 0 0 0 0 0 2 3.999 2.996 2.991 0.984 3.976 2.965 2.952 2.937 2.92 1.901 3.881 3.859 3.835 3.809 3.781 3.751 3.719 3.685 0.649 3.613 0.575 3.537 3.497 3.456 3.414 3.371 1.327 3.283 3.238 3.192 3.145 2.097 2.049 2.001 2.953 2.905 0.857 2.81 3.763 3.716 0.669 2.624 3.58 3.537 3.495 0.454 2.416 3.38 0.345 2.313 3.283 3.255 0.229 3.207 0.187 3.171 2.157 3.146 2.138 2.133 0.131 2.133 2.138 3.146 2.157 3.171 0.187 3.207 0.229 3.255 3.283 2.313 0.345 3.38 2.416 0.454 3.495 3.537 3.58 2.624 0.669 3.716 3.763 2.81 0.857 2.905 2.953 2.001 2.049 2.097 3.145 3.192 3.238 3.283 1.327 3.371 3.414 3.456 3.497 3.537 0.575 3.613 0.649 3.685 3.719 3.751 3.781 3.809 3.835 3.859 3.881 1.901 2.92 2.937 2.952 2.965 3.976 0.984 2.991 2.996 3.999 2 0 0 0 0 0 0 0 0 0 0 0 0 0 0 
0 0 0 0 0 0 0 0 0 0 0 0 0 2 2.999 0.996 3.992 0.985 2.977 3.967 2.954 2.939 2.922 2.903 2.882 0.859 2.835 2.809 3.781 3.751 3.719 3.685 3.649 2.611 2.572 2.532 3.491 2.448 2.404 2.359 1.313 3.267 3.22 3.172 3.123 3.073 2.022 2.971 3.92 0.868 2.817 3.766 3.715 1.664 3.614 3.564 2.515 0.467 2.421 1.376 2.333 2.292 2.253 3.216 3.181 1.148 1.118 2.091 2.067 3.046 3.028 3.013 2.001 3.993 3.988 2.986 3.988 3.993 2.001 3.013 3.028 3.046 2.067 2.091 1.118 1.148 3.181 3.216 2.253 2.292 2.333 1.376 2.421 0.467 2.515 3.564 3.614 1.664 3.715 3.766 2.817 0.868 3.92 2.971 2.022 3.073 3.123 3.172 3.22 3.267 1.313 2.359 2.404 2.448 3.491 2.532 2.572 2.611 3.649 3.685 3.719 3.751 3.781 2.809 2.835 0.859 2.882 2.903 2.922 2.939 2.954 3.967 2.977 0.985 3.992 0.996 2.999 2 0 0 0 0 0 0 0 0 0 0 0 0 0 
0 0 0 0 0 0 0 0 0 0 0 0 1 0.999 2.997 2.993 2.987 3.979 2.969 3.957 2.942 2.925 2.906 2.885 2.862 2.837 0.81 3.782 0.751 2.719 3.685 3.649 3.611 3.571 0.529 3.487 3.443 2.397 2.35 2.302 1.253 2.204 3.154 3.103 3.051 3.998 3.944 0.889 3.835 3.78 3.725 3.67 1.615 3.561 3.507 0.453 2.401 3.35 2.3 2.252 3.206 3.162 3.12 3.08 2.042 3.007 3.975 3.946 3.92 3.897 2.877 3.861 2.848 2.839 3.834 2.832 3.834 2.839 2.848 3.861 2.877 3.897 3.92 3.946 3.975 3.007 2.042 3.08 3.12 3.162 3.206 2.252 2.3 3.35 2.401 0.453 3.507 3.561 1.615 3.67 3.725 3.78 3.835 0.889 3.944 3.998 3.051 3.103 3.154 2.204 1.253 2.302 2.35 2.397 3.443 3.487 0.529 3.571 3.611 3.649 3.685 2.719 0.751 3.782 0.81 2.837 2.862 2.885 2.906 2.925 2.942 3.957 2.969 3.979 2.987 2.993 2.997 0.999 1 0 0 0 0 0 0 0 0 0 0 0 0 
0 0 0 0 0 0 0 0 0 0 0 0 3 2.998 0.994 3.989 2.981 0.971 3.96 3.946 2.929 2.91 2.889 2.866 3.841 3.814 3.785 3.754 3.721 2.686 0.649 2.611 3.571 3.529 2.485 3.44 3.393 2.344 2.294 2.243 1.191 3.139 0.085 2.031 3.976 0.919 2.862 2.804 3.746 2.687 2.628 1.569 3.511 3.453 2.395 3.338 3.282 3.227 0.173 3.122 0.072 2.025 2.98 3.937 2.896 2.858 0.823 2.792 3.764 3.739 0.717 3.7 2.686 0.676 3.671 2.669 3.671 0.676 2.686 3.7 0.717 3.739 3.764 2.792 0.823 2.858 2.896 3.937 2.98 2.025 0.072 3.122 0.173 3.227 3.282 3.338 2.395 3.453 3.511 1.569 2.628 2.687 3.746 2.804 2.862 0.919 3.976 2.031 0.085 3.139 1.191 2.243 2.294 2.344 3.393 3.44 2.485 3.529 3.571 2.611 0.649 2.686 3.721 3.754 3.785 3.814 3.841 2.866 2.889 2.91 2.929 3.946 3.96 0.971 2.981 3.989 0.994 2.998 3 0 0 0 0 0 0 0 0 0 0 0 0 
0 0 0 0 0 0 0 0 0 0 0 1 2.999 2.996 3.991 3.984 0.974 2.963 3.95 3.934 2.915 2.894 2.871 3.846 0.818 2.789 3.758 0.724 2.689 2.652 3.613 2.572 0.529 2.485 3.439 3.391 3.341 1.289 1.236 1.182 0.127 3.072 3.015 2.957 2.898 3.838 3.777 2.715 3.653 2.59 2.527 1.464 3.402 3.34 2.278 2.217 2.157 1.098 2.041 2.986 3.933 3.882 3.833 2.786 2.742 1.701 3.664 3.63 1.599 1.572 2.549 2.53 1.515 3.505 3.499 3.497 3.499 3.505 1.515 2.53 2.549 1.572 1.599 3.63 3.664 1.701 2.742 2.786 3.833 3.882 3.933 2.986 2.041 1.098 2.157 2.217 2.278 3.34 3.402 1.464 2.527 2.59 3.653 2.715 3.777 3.838 2.898 2.957 3.015 3.072 0.127 1.182 1.236 1.289 3.341 3.391 3.439 2.485 0.529 2.572 3.613 2.652 2.689 0.724 3.758 2.789 0.818 3.846 2.871 2.894 2.915 3.934 3.95 2.963 0.974 3.984 3.991 2.996 2.999 1 0 0 0 0 0 0 0 0 0 0 0 
0 0 0 0 0 0 0 0 0 0 0 4 0.997 3.993 0.986 3.978 3.967 2.954 3.939 3.921 1.9 1.877 2.852 3.825 2.795 0.763 3.73 2.694 0.656 3.617 0.575 2.532 3.487 3.44 3.391 3.34 1.287 3.233 2.177 2.12 2.062 3.003 1.942 2.88 2.817 2.753 2.688 1.622 3.556 2.489 3.422 3.355 1.288 3.222 2.156 3.091 3.027 1.964 3.903 0.843 2.786 3.731 3.678 0.627 2.58 2.536 3.496 2.459 3.426 3.397 3.372 1.351 2.335 3.324 1.317 3.315 1.317 3.324 2.335 1.351 3.372 3.397 3.426 2.459 3.496 2.536 2.58 0.627 3.678 3.731 2.786 0.843 3.903 1.964 3.027 3.091 2.156 3.222 1.288 3.355 3.422 2.489 3.556 1.622 2.688 2.753 2.817 2.88 1.942 3.003 2.062 2.12 2.177 3.233 1.287 3.34 3.391 3.44 3.487 2.532 0.575 3.617 0.656 2.694 3.73 0.763 2.795 3.825 2.852 1.877 1.9 3.921 3.939 2.954 3.967 3.978 0.986 3.993 0.997 4 0 0 0 0 0 0 0 0 0 0 0 
0 0 0 0 0 0 0 0 0 0 2 3.999 2.995 2.989 2.981 3.971 0.958 3.944 3.927 1.907 3.885 3.86 0.832 3.803 2.771 3.737 2.701 3.663 3.623 3.581 3.537 3.491 3.443 3.393 3.341 1.287 3.232 3.175 2.116 2.056 3.995 3.932 3.867 0.8 2.733 2.665 3.596 3.526 1.455 3.384 0.312 2.241 3.17 1.099 3.029 0.959 2.891 3.824 2.758 3.694 3.632 1.572 2.515 3.461 3.41 0.362 3.319 2.279 1.243 3.212 1.185 3.163 0.145 1.133 3.126 0.123 3.126 1.133 0.145 3.163 1.185 3.212 1.243 2.279 3.319 0.362 3.41 3.461 2.515 1.572 3.632 3.694 2.758 3.824 2.891 0.959 3.029 1.099 3.17 2.241 0.312 3.384 1.455 3.526 3.596 2.665 2.733 0.8 3.867 3.932 3.995 2.056 2.116 3.175 3.232 1.287 3.341 3.393 3.443 3.491 3.537 3.581 3.623 3.663 2.701 3.737 2.771 3.803 0.832 3.86 3.885 1.907 3.927 3.944 0.958 3.971 2.981 2.989 2.995 3.999 2 0 0 0 0 0 0 0 0 0 0 
0 0 0 0 0 0 0 0 0 1 0.999 3.997 3.992 0.984 3.975 2.963 2.949 3.933 1.914 3.893 3.869 3.842 2.812 2.78 3.746 0.709 3.671 0.63 3.588 0.543 3.497 2.448 2.397 2.344 1.289 3.233 3.175 3.115 2.053 3.99 3.925 3.858 3.789 2.718 0.646 3.574 0.5 2.426 3.351 2.275 3.199 3.123 2.047 3.972 3.897 1.822 3.749 3.677 2.606 2.537 1.47 3.406 0.344 2.286 1.231 2.18 2.133 3.09 2.051 0.017 3.989 2.965 2.946 3.933 3.925 2.922 3.925 3.933 2.946 2.965 3.989 0.017 2.051 3.09 2.133 2.18 1.231 2.286 0.344 3.406 1.47 2.537 2.606 3.677 3.749 1.822 3.897 3.972 2.047 3.123 3.199 2.275 3.351 2.426 0.5 3.574 0.646 2.718 3.789 3.858 3.925 3.99 2.053 3.115 3.175 3.233 1.289 2.344 2.397 2.448 3.497 0.543 3.588 0.63 3.671 0.709 3.746 2.78 2.812 3.842 3.869 3.893 1.914 3.933 2.949 2.963 3.975 0.984 3.992 3.997 0.999 1 0 0 0 0 0 0 0 0 0 
0 0 0 0 0 0 0 0 0 3 2.998 2.994 3.988 2.979 3.968 0.954 3.939 1.921 3.901 3.878 3.852 3.823 3.791 0.756 3.72 2.681 2.64 2.597 2.552 2.505 3.456 2.404 2.35 2.294 1.236 2.177 2.116 2.053 2.988 3.921 3.852 3.781 3.708 2.633 3.557 2.48 3.402 3.323 3.243 2.162 2.081 2 0.919 2.839 3.759 3.679 1.6 3.523 3.447 3.373 2.301 2.232 3.166 2.103 3.044 3.989 3.938 2.891 1.849 3.813 3.782 3.756 0.735 3.721 2.712 2.709 2.712 3.721 0.735 3.756 3.782 3.813 1.849 2.891 3.938 3.989 3.044 2.103 3.166 2.232 2.301 3.373 3.447 3.523 1.6 3.679 3.759 2.839 0.919 2 2.081 2.162 3.243 3.323 3.402 2.48 3.557 2.633 3.708 3.781 3.852 3.921 2.988 2.053 2.116 2.177 1.236 2.294 2.35 2.404 3.456 2.505 2.552 2.597 2.64 2.681 3.72 0.756 3.791 3.823 3.852 3.878 3.901 1.921 3.939 0.954 3.968 2.979 3.988 2.994 2.998 3 0 0 0 0 0 0 0 0 0 
0 0 0 0 0 0 0 0 1 1.999 3.996 0.99 3.983 3.973 1.96 2.945 1.928 3.909 3.887 3.862 3.834 3.803 3.769 2.732 2.693 3.652 0.608 3.563 0.515 3.466 3.414 2.359 2.302 2.243 1.182 2.12 2.056 3.99 3.921 0.849 2.776 2.701 3.624 3.545 0.464 3.383 2.3 2.216 2.131 1.045 1.959 2.873 3.787 3.701 3.615 1.529 3.445 3.362 1.28 3.201 2.124 3.05 3.979 2.911 2.847 1.787 3.732 1.681 2.636 3.597 2.563 2.535 3.513 3.497 1.487 3.484 1.487 3.497 3.513 2.535 2.563 3.597 2.636 1.681 3.732 1.787 2.847 2.911 3.979 3.05 2.124 3.201 1.28 3.362 3.445 1.529 3.615 3.701 3.787 2.873 1.959 1.045 2.131 2.216 2.3 3.383 0.464 3.545 3.624 2.701 2.776 0.849 3.921 3.99 2.056 2.12 1.182 2.243 2.302 2.359 3.414 3.466 0.515 3.563 0.608 3.652 2.693 2.732 3.769 3.803 3.834 3.862 3.887 3.909 1.928 2.945 1.96 3.973 3.983 0.99 3.996 1.999 1 0 0 0 0 0 0 0 0 
0 0 0 0 0 0 0 0 3 3.998 1.993 2.986 1.977 3.966 3.952 0.935 3.917 3.896 3.872 3.845 3.815 3.782 3.746 3.707 0.665 3.622 2.576 2.528 2.478 3.426 3.371 1.313 1.253 1.191 0.127 2.062 3.995 3.925 3.852 2.776 0.698 3.619 0.537 2.454 2.369 3.283 2.195 2.106 3.016 3.925 2.833 2.741 3.649 3.557 3.465 1.373 3.283 3.194 1.106 1.021 3.939 2.859 1.782 2.709 3.64 2.575 2.515 1.46 0.411 3.369 1.332 3.302 3.278 0.26 3.25 0.246 3.25 0.26 3.278 3.302 1.332 3.369 0.411 1.46 2.515 2.575 3.64 2.709 1.782 2.859 3.939 1.021 1.106 3.194 3.283 1.373 3.465 3.557 3.649 2.741 2.833 3.925 3.016 2.106 2.195 3.283 2.369 2.454 0.537 3.619 0.698 2.776 3.852 3.925 3.995 2.062 0.127 1.191 1.253 1.313 3.371 3.426 2.478 2.528 2.576 3.622 0.665 3.707 3.746 3.782 3.815 3.845 3.872 3.896 3.917 0.935 3.952 3.966 1.977 2.986 1.993 3.998 3 0 0 0 0 0 0 0 0 
0 0 0 0 0 0 0 1 1.999 3.996 3.99 0.981 3.971 1.958 3.943 2.925 3.905 3.882 3.856 3.827 3.795 3.76 3.722 3.681 2.637 2.591 3.543 0.492 3.44 3.385 1.327 3.267 2.204 3.139 3.072 3.003 3.932 3.858 3.781 2.701 3.619 2.535 3.449 3.361 2.271 3.18 2.087 3.993 2.897 2.8 1.702 3.604 0.505 2.407 3.309 3.211 1.114 3.019 1.925 3.834 2.745 3.659 3.576 3.497 2.422 2.352 1.287 2.228 2.175 3.129 3.089 3.056 3.03 3.011 4 2.996 4 3.011 3.03 3.056 3.089 3.129 2.175 2.228 1.287 2.352 2.422 3.497 3.576 3.659 2.745 3.834 1.925 3.019 1.114 3.211 3.309 2.407 0.505 3.604 1.702 2.8 2.897 3.993 2.087 3.18 2.271 3.361 3.449 2.535 3.619 2.701 3.781 3.858 3.932 3.003 3.072 3.139 2.204 3.267 1.327 3.385 3.44 0.492 3.543 2.591 2.637 3.681 3.722 3.76 3.795 3.827 3.856 3.882 3.905 2.925 3.943 1.958 3.971 0.981 3.99 3.996 1.999 1 0 0 0 0 0 0 0 
0 0 0 0 0 0 0 3 3.998 1.993 3.986 2.976 1.964 3.95 1.933 3.914 3.892 3.867 3.839 3.808 3.774 3.737 3.697 3.654 3.608 0.559 3.509 2.456 3.401 1.343 3.283 3.22 3.154 0.085 3.015 1.942 3.867 3.789 3.708 3.624 0.537 3.449 2.358 2.265 1.17 3.074 3.976 3.876 2.774 2.671 3.567 2.462 3.357 3.252 3.147 0.042 2.939 3.837 1.736 3.638 2.542 2.449 0.359 2.274 0.193 3.118 3.048 3.984 0.926 3.876 1.832 1.796 3.768 1.747 2.735 3.731 2.735 1.747 3.768 1.796 1.832 3.876 0.926 3.984 3.048 3.118 0.193 2.274 0.359 2.449 2.542 3.638 1.736 3.837 2.939 0.042 3.147 3.252 3.357 2.462 3.567 2.671 2.774 3.876 3.976 3.074 1.17 2.265 2.358 3.449 0.537 3.624 3.708 3.789 3.867 1.942 3.015 0.085 3.154 3.22 3.283 1.343 3.401 2.456 3.509 0.559 3.608 3.654 3.697 3.737 3.774 3.808 3.839 3.867 3.892 3.914 1.933 3.95 1.964 2.976 3.986 1.993 3.998 3 0 0 0 0 0 0 0 
0 0 0 0 0 0 1 1.999 3.996 3.99 1.981 1.97 3.957 1.941 3.923 3.902 3.878 3.851 3.821 3.788 3.752 3.713 3.671 3.626 3.578 2.527 1.474 3.419 1.361 3.301 3.238 3.172 3.103 2.031 2.957 2.88 0.8 2.718 2.633 3.545 2.454 3.361 2.265 2.167 2.067 1.965 2.861 2.755 1.647 3.538 2.427 1.315 1.203 1.091 0.979 3.868 2.757 1.647 2.539 1.433 2.33 3.23 1.133 2.041 3.954 2.872 3.796 0.726 3.664 3.609 1.561 3.522 3.491 1.468 3.455 0.45 3.455 1.468 3.491 3.522 1.561 3.609 3.664 0.726 3.796 2.872 3.954 2.041 1.133 3.23 2.33 1.433 2.539 1.647 2.757 3.868 0.979 1.091 1.203 1.315 2.427 3.538 1.647 2.755 2.861 1.965 2.067 2.167 2.265 3.361 2.454 3.545 2.633 2.718 0.8 2.88 2.957 2.031 3.103 3.172 3.238 3.301 1.361 3.419 1.474 2.527 3.578 3.626 3.671 3.713 3.752 3.788 3.821 3.851 3.878 3.902 3.923 1.941 3.957 1.97 1.981 3.99 3.996 1.999 1 0 0 0 0 0 0 
0 0 0 0 0 0 2 2.998 0.993 2.986 1.976 3.964 1.949 3.932 3.912 3.889 3.863 3.834 3.802 3.767 2.729 2.688 2.644 2.597 2.547 1.494 3.439 1.381 3.321 3.258 3.192 3.123 3.051 3.976 2.898 2.817 2.733 0.646 3.557 0.464 2.369 2.271 1.17 2.067 3.962 3.854 0.743 2.631 3.517 3.401 2.283 1.164 2.045 3.926 1.806 3.687 3.568 3.45 3.334 2.22 3.109 3.001 3.897 2.797 1.702 2.613 0.53 3.455 2.387 3.327 2.275 2.232 2.198 0.173 3.159 3.154 3.159 0.173 2.198 2.232 2.275 3.327 2.387 3.455 0.53 2.613 1.702 2.797 3.897 3.001 3.109 2.22 3.334 3.45 3.568 3.687 1.806 3.926 2.045 1.164 2.283 3.401 3.517 2.631 0.743 3.854 3.962 2.067 1.17 2.271 2.369 0.464 3.557 0.646 2.733 2.817 2.898 3.976 3.051 3.123 3.192 3.258 3.321 1.381 3.439 1.494 2.547 2.597 2.644 2.688 2.729 3.767 3.802 3.834 3.863 3.889 3.912 3.932 1.949 3.964 1.976 2.986 0.993 2.998 2 0 0 0 0 0 0 
0 0 0 0 0 0 4 3.997 3.991 1.982 3.971 1.957 3.941 3.922 3.9 3.875 2.847 2.816 2.782 0.745 3.706 2.663 2.617 3.568 3.516 3.461 1.403 3.343 3.28 3.214 3.145 3.073 3.998 0.919 3.838 2.753 2.665 3.574 2.48 3.383 3.283 3.18 3.074 1.965 3.854 3.74 2.623 2.504 3.383 3.26 2.135 3.009 1.882 3.755 3.627 3.499 2.371 0.244 3.12 3.998 2.878 0.761 3.649 3.541 3.438 2.341 2.251 2.169 3.095 1.029 3.973 2.926 3.889 2.862 3.846 0.84 3.846 2.862 3.889 2.926 3.973 1.029 3.095 2.169 2.251 2.341 3.438 3.541 3.649 0.761 2.878 3.998 3.12 0.244 2.371 3.499 3.627 3.755 1.882 3.009 2.135 3.26 3.383 2.504 2.623 3.74 3.854 1.965 3.074 3.18 3.283 3.383 2.48 3.574 2.665 2.753 3.838 0.919 3.998 3.073 3.145 3.214 3.28 3.343 1.403 3.461 3.516 3.568 2.617 2.663 3.706 0.745 2.782 2.816 2.847 3.875 3.9 3.922 3.941 1.957 3.971 1.982 3.991 3.997 4 0 0 0 0 0 0 
0 0 0 0 0 1 3.999 3.995 3.988 3.978 1.965 3.95 3.932 2.911 2.887 0.86 3.831 2.798 0.762 2.724 3.683 2.638 3.59 0.538 2.484 2.427 3.367 3.304 2.238 2.169 2.097 2.022 3.944 2.862 3.777 2.688 3.596 0.5 3.402 2.3 2.195 2.087 3.976 2.861 0.743 2.623 3.5 3.374 0.245 2.115 2.983 2.849 3.714 3.578 2.441 3.304 2.167 2.031 0.897 3.766 3.637 3.511 2.389 3.272 1.16 3.055 0.957 3.868 3.787 2.715 1.653 3.602 1.561 3.532 2.514 2.508 2.514 3.532 1.561 3.602 1.653 2.715 3.787 3.868 0.957 3.055 1.16 3.272 2.389 3.511 3.637 3.766 0.897 2.031 2.167 3.304 2.441 3.578 3.714 2.849 2.983 2.115 0.245 3.374 3.5 2.623 0.743 2.861 3.976 2.087 2.195 2.3 3.402 0.5 3.596 2.688 3.777 2.862 3.944 2.022 2.097 2.169 2.238 3.304 3.367 2.427 2.484 0.538 3.59 2.638 3.683 2.724 0.762 2.798 3.831 0.86 2.887 2.911 3.932 3.95 1.965 3.978 3.988 3.995 3.999 1 0 0 0 0 0 
0 0 0 0 0 4 1.997 3.992 3.984 3.973 3.959 2.942 0.922 3.9 0.874 2.846 3.815 0.78 2.743 2.703 3.66 2.613 3.563 2.509 0.452 3.393 2.33 0.264 3.196 2.124 2.049 2.971 0.889 2.804 2.715 1.622 3.526 2.426 3.323 2.216 2.106 3.993 3.876 2.755 2.631 2.504 3.374 3.241 2.105 1.967 3.827 1.684 1.54 2.395 3.249 1.102 3.956 1.81 2.666 1.524 3.385 3.249 3.117 2.99 3.869 0.754 3.648 2.55 0.461 3.383 1.315 3.259 1.214 3.182 0.162 3.156 0.162 3.182 1.214 3.259 1.315 3.383 0.461 2.55 3.648 0.754 3.869 2.99 3.117 3.249 3.385 1.524 2.666 1.81 3.956 1.102 3.249 2.395 1.54 1.684 3.827 1.967 2.105 3.241 3.374 2.504 2.631 2.755 3.876 3.993 2.106 2.216 3.323 2.426 3.526 1.622 2.715 2.804 0.889 2.971 2.049 2.124 3.196 0.264 2.33 3.393 0.452 2.509 3.563 2.613 3.66 2.703 2.743 0.78 3.815 2.846 0.874 3.9 0.922 2.942 3.959 3.973 3.984 3.992 1.997 4 0 0 0 0 0 
0 0 0 0 1 2.999 2.995 0.988 2.979 2.967 3.952 3.934 3.913 3.889 3.862 3.832 2.799 3.763 3.724 2.682 3.637 2.588 3.536 2.48 3.421 3.359 0.293 2.225 3.154 2.079 2.001 3.92 3.835 3.746 3.653 3.556 1.455 3.351 3.243 2.131 3.016 2.897 2.774 1.647 3.517 3.383 0.245 2.105 2.962 3.816 3.667 1.515 3.362 2.207 3.051 2.894 1.737 3.581 2.426 3.273 1.122 1.975 1.832 0.694 3.563 1.438 2.322 2.215 3.118 2.032 3.958 2.896 3.847 0.811 3.79 3.783 3.79 0.811 3.847 2.896 3.958 2.032 3.118 2.215 2.322 1.438 3.563 0.694 1.832 1.975 1.122 3.273 2.426 3.581 1.737 2.894 3.051 2.207 3.362 1.515 3.667 3.816 2.962 2.105 0.245 3.383 3.517 1.647 2.774 2.897 3.016 2.131 3.243 3.351 1.455 3.556 3.653 3.746 3.835 3.92 2.001 2.079 3.154 2.225 0.293 3.359 3.421 2.48 3.536 2.588 3.637 2.682 3.724 3.763 2.799 3.832 3.862 3.889 3.913 3.934 3.952 2.967 2.979 0.988 2.995 2.999 1 0 0 0 0 
0 0 0 0 2 2.998 2.993 2.985 0.974 3.961 0.944 2.925 3.903 0.877 3.849 0.817 3.783 2.745 0.704 3.661 3.614 2.563 3.509 3.451 0.389 3.325 3.257 2.186 3.112 2.034 2.953 0.868 3.78 2.687 2.59 2.489 3.384 2.275 2.162 1.045 3.925 2.8 2.671 3.538 3.401 3.26 2.115 1.967 3.816 2.661 3.503 2.342 2.179 3.014 1.847 1.679 2.511 0.343 3.177 3.012 1.849 3.69 3.535 2.385 3.242 2.106 1.979 3.862 0.755 3.661 2.579 3.511 3.457 3.418 1.394 1.386 1.394 3.418 3.457 3.511 2.579 3.661 0.755 3.862 1.979 2.106 3.242 2.385 3.535 3.69 1.849 3.012 3.177 0.343 2.511 1.679 1.847 3.014 2.179 2.342 3.503 2.661 3.816 1.967 2.115 3.26 3.401 3.538 2.671 2.8 3.925 1.045 2.162 2.275 3.384 2.489 2.59 2.687 3.78 0.868 2.953 2.034 3.112 2.186 3.257 3.325 0.389 3.451 3.509 2.563 3.614 3.661 0.704 2.745 3.783 0.817 3.849 0.877 3.903 2.925 0.944 3.961 0.974 2.985 2.993 2.998 2 0 0 0 0 
0 0 0 0 4 3.997 3.991 3.982 3.97 2.955 2.937 0.916 3.893 3.866 2.836 3.803 3.767 0.727 2.685 3.64 3.591 2.538 3.482 3.422 2.358 3.291 0.22 3.147 3.07 0.989 2.905 2.817 3.725 2.628 2.527 3.422 0.312 3.199 2.081 1.959 2.833 1.702 3.567 2.427 2.283 2.135 2.983 3.827 3.667 3.503 0.335 3.165 3.992 2.816 3.638 1.458 2.278 3.098 3.919 3.741 3.565 1.392 3.224 3.061 2.905 3.757 3.618 2.489 2.372 3.268 0.177 3.102 0.042 4 3.974 2.965 3.974 4 0.042 3.102 0.177 3.268 2.372 2.489 3.618 3.757 2.905 3.061 3.224 1.392 3.565 3.741 3.919 3.098 2.278 1.458 3.638 2.816 3.992 3.165 0.335 3.503 3.667 3.827 2.983 2.135 2.283 2.427 3.567 1.702 2.833 1.959 2.081 3.199 0.312 3.422 2.527 2.628 3.725 2.817 2.905 0.989 3.07 3.147 0.22 3.291 2.358 3.422 3.482 2.538 3.591 3.64 2.685 0.727 3.767 3.803 2.836 3.866 3.893 0.916 2.937 2.955 3.97 3.982 3.991 3.997 4 0 0 0 0 
0 0 0 1 2.999 2.995 2.988 2.978 2.965 2.949 2.93 3.908 3.883 0.854 3.823 0.788 3.751 3.71 2.666 3.619 3.568 2.513 3.455 3.393 3.327 1.257 2.184 3.108 1.028 3.945 0.857 3.766 3.67 1.569 1.464 3.355 2.241 3.123 2 2.873 2.741 3.604 2.462 1.315 1.164 3.009 2.849 1.684 1.515 2.342 3.165 1.984 2.8 3.613 2.423 2.231 3.038 0.844 1.651 2.459 2.269 3.082 2.899 0.721 2.551 1.389 3.237 0.095 3.967 2.852 3.752 1.668 1.602 3.555 2.526 1.516 2.526 3.555 1.602 1.668 3.752 2.852 3.967 0.095 3.237 1.389 2.551 0.721 2.899 3.082 2.269 2.459 1.651 0.844 3.038 2.231 2.423 3.613 2.8 1.984 3.165 2.342 1.515 1.684 2.849 3.009 1.164 1.315 2.462 3.604 2.741 2.873 2 3.123 2.241 3.355 1.464 1.569 3.67 3.766 0.857 3.945 1.028 3.108 2.184 1.257 3.327 3.393 3.455 2.513 3.568 3.619 2.666 3.71 3.751 0.788 3.823 0.854 3.883 3.908 2.93 2.949 2.965 2.978 2.988 2.995 2.999 1 0 0 0 
0 0 0 2 2.998 2.993 2.985 2.974 2.96 2.943 3.923 0.899 3.873 2.843 2.81 2.774 3.735 0.692 3.647 3.598 3.545 2.488 3.428 3.364 3.296 3.224 1.148 1.069 2.987 3.901 2.81 3.715 1.615 3.511 3.402 1.288 3.17 2.047 0.919 3.787 3.649 0.505 3.357 1.203 2.045 1.882 3.714 1.54 3.362 2.179 3.992 2.8 1.604 2.405 3.203 2.998 2.791 2.583 3.375 0.167 3.962 3.759 3.56 1.366 2.18 3.003 3.836 2.68 3.538 3.411 2.3 1.207 3.134 2.081 3.049 2.038 3.049 2.081 3.134 1.207 2.3 3.411 3.538 2.68 3.836 3.003 2.18 1.366 3.56 3.759 3.962 0.167 3.375 2.583 2.791 2.998 3.203 2.405 1.604 2.8 3.992 2.179 3.362 1.54 3.714 1.882 2.045 1.203 3.357 0.505 3.649 3.787 0.919 2.047 3.17 1.288 3.402 3.511 1.615 3.715 2.81 3.901 2.987 1.069 1.148 3.224 3.296 3.364 3.428 2.488 3.545 3.598 3.647 0.692 3.735 2.774 2.81 2.843 3.873 0.899 3.923 2.943 2.96 2.974 2.985 2.993 2.998 2 0 0 0 
0 0 0 4 3.997 3.991 3.982 3.97 2.955 2.937 3.916 2.891 2.863 3.832 0.797 3.76 2.719 2.675 3.628 3.577 3.522 2.463 3.401 3.335 3.265 3.191 3.113 1.031 1.946 3.857 3.763 1.664 3.561 3.453 3.34 3.222 1.099 3.972 2.839 3.701 3.557 2.407 3.252 1.091 3.926 3.755 3.578 2.395 2.207 3.014 2.816 3.613 2.405 1.193 3.978 3.759 1.537 3.314 3.09 3.866 3.643 0.422 3.206 2.995 0.791 3.597 3.413 3.241 0.083 3.943 2.82 3.717 2.635 3.576 2.54 2.528 2.54 3.576 2.635 3.717 2.82 3.943 0.083 3.241 3.413 3.597 0.791 2.995 3.206 0.422 3.643 3.866 3.09 3.314 1.537 3.759 3.978 1.193 2.405 3.613 2.816 3.014 2.207 2.395 3.578 3.755 3.926 1.091 3.252 2.407 3.557 3.701 2.839 3.972 1.099 3.222 3.34 3.453 3.561 1.664 3.763 3.857 1.946 1.031 3.113 3.191 3.265 3.335 3.401 2.463 3.522 3.577 3.628 2.675 2.719 3.76 0.797 3.832 2.863 2.891 3.916 2.937 2.955 3.97 3.982 3.991 3.997 4 0 0 0 
0 0 1 2.999 2.995 2.988 2.978 0.965 3.95 2.931 3.909 3.883 0.853 3.821 3.785 3.746 0.703 3.658 3.609 3.556 3.499 2.438 3.374 3.306 3.234 3.158 3.078 2.994 3.906 1.813 3.716 3.614 3.507 2.395 2.278 2.156 3.029 3.897 3.759 3.615 3.465 3.309 3.147 0.979 1.806 3.627 2.441 3.249 3.051 1.847 3.638 2.423 3.203 3.978 2.748 2.514 3.277 1.037 2.796 3.554 0.312 3.073 0.837 2.607 3.384 3.17 3.967 3.777 1.602 3.446 2.309 3.194 1.102 2.036 1.996 3.983 1.996 2.036 1.102 3.194 2.309 3.446 1.602 3.777 3.967 3.17 3.384 2.607 0.837 3.073 0.312 3.554 2.796 1.037 3.277 2.514 2.748 3.978 3.203 2.423 3.638 1.847 3.051 3.249 2.441 3.627 1.806 0.979 3.147 3.309 3.465 3.615 3.759 3.897 3.029 2.156 2.278 2.395 3.507 3.614 3.716 1.813 3.906 2.994 3.078 3.158 3.234 3.306 3.374 2.438 3.499 3.556 3.609 3.658 0.703 3.746 3.785 3.821 0.853 3.883 3.909 2.931 3.95 0.965 2.978 2.988 2.995 2.999 1 0 0 
