0 0 0 0 0 0 0 0 0 0 0 0 0 0 0 0 0 0 0 0 0 0 0 0 0 0 0 0 0 0 0 0 0 0 0 0 0 0 0 0 0 0 0 0 0 0 0 0 0 0 0 0 0 0 0 0 0 0 0 0 0 0 0 0 0 0 0 0 0 0 0 0 0 0 0 0 0 0 0 0 0 0 0 0 0 0 0 0 0 0 0 0 0 0 0 0 0 0 0 0 0 0 0 0 0 0 0 0 0 0 0 0 0 0 0 0 0 0 0 0 0 0 0 0 0 0 0 0 0 0 0 0 0 0 0 0 0 0 0 0 0 0 0 0 0 0 0 0 0 0 0 0 0 0 0 0 0 0 0 0 0 0 0 0 0 0 0 0 0 0 0 0 0 0 0 0 0 0 0 0 0 0 0 0 0 0 0 0 0 0 
0 80711.3 15633.3 45852.9 150003 126503 53240.3 194444 154913 103109 37678.4 190317 51015.1 165862 64948.9 110246 17758.8 20342.5 103926 89908.5 199674 130735 168182 53693.1 74999.1 40016.5 15957.6 196936 80869.5 151199 121163 14332.3 137545 28139.8 758.956 58287.2 97180.8 82681.1 46680.1 37732.1 194482 26486.7 179150 61398.4 66958.4 7195.37 132398 149031 139330 64957.4 85027.8 134762 62604.8 99139.6 106303 178194 21938.7 180162 162373 170964 38877.7 165624 64420.1 74135.1 76671.3 122573 118844 137288 125312 357.691 44994.2 4837.57 151119 134879 9279.83 24138.9 40626.6 24724.6 65022.8 155305 3926.54 43150.7 166608 73704 131009 30135.6 40859.5 170739 86375.2 67411.6 178034 91502.5 67312.3 10127.1 159942 159615 111933 36688 95972.5 27325.4 87751.7 91782.8 74133.5 34777.1 112942 97005.3 38787.4 43954.9 148199 191659 78387.5 97070.9 50209.1 45426.5 167397 188950 181630 192919 169899 109826 111476 101194 82158.6 181039 140975 168738 178993 85191.9 10285.7 93941.9 10517.2 145783 146044 141333 119362 114486 33100.5 34366.5 107834 155387 62089.9 68870.7 152418 97223.1 151622 13543.5 24327.2 196457 42212.6 124636 162761 160018 30485.4 9294.78 111433 40584.7 167625 197166 64916.1 150321 142526 86863.1 52217.9 62334.4 188100 173084 62358.7 85422.8 103114 21269.2 190896 1008.19 117667 150361 106531 170976 113281 87933.1 194947 3847.98 82331.8 98263.6 12078.5 91201.4 77130.4 64021.3 85532.1 51415.1 188453 2548 
0 15633.3 184624 111222 175694 149196 51593.5 40486.3 52153.2 150636 88914.3 58100.9 39402.2 103104 144348 16763.9 116472 65930.9 130790 150861 175855 76768.5 110457 132655 87115.7 119081 136925 191743 162492 45374.5 186807 196332 160440 130013 96136.3 69183.2 108709 112370 57332.2 3622.19 48265.8 120250 64244.4 77127.5 93287 85066.2 124537 193042 61466.9 134374 10450.1 110018 74729.8 122570 86894.7 16201.5 192322 14014.2 23918.7 188592 135074 174793 27432.5 118144 46163.6 49981.5 37955.2 7449.47 95380.1 118636 107212 47540.7 125945 15407.4 189013 170318 132433 31693.8 191429 122765 37155.5 120754 8550.74 114102 34301.1 40684.8 133145 41394.6 71405.2 183547 105972 130997 199557 160812 93081.6 114794 109605 39124.3 100965 161046 136816 8830.12 100246 165766 174017 36875.1 107080 171675 192552 36355.1 32638.9 52551.3 113148 104433 106483 21616.9 33161 105383 94156.9 72487.7 149756 88458.8 20661.5 24314.6 85090.2 157863 48294.3 4679.15 183830 36451.5 111734 1345.87 5236.07 129145 113830 140981 136585 83580.6 60260.3 118280 127127 27075.4 51186.2 36638.8 73821.8 198898 168353 48494.5 165952 149276 23287.7 121584 51935.7 92625.5 20599.9 139791 103074 34495 158677 70531.3 128901 77763.2 83633.3 119296 37185 54553 25703 164721 98805.4 65428.9 76958 167745 154082 34791 20033 96723.2 29636.1 58863.4 92345 165102 178741 13699.2 100201 140201 7382.62 44541 163283 40739.7 79200 2 
0 45852.9 111222 60989.4 74640.2 124515 14675 38888.8 58541.5 87086.1 151321 80821.9 72664.3 24754.4 7496.19 108822 172557 39400.9 98277.4 123834 124581 163057 122176 58259.9 40788.8 51203.1 125961 118664 24636.1 58916.2 116983 199287 102170 78171 100600 1271.74 189837 20633.4 68689 137714 34214 154534 78540.5 176397 95615.8 31713.5 113813 145609 37062.4 145688 28961.5 148853 127329 173802 167276 81558.8 79263.6 76466.1 158634 1333.59 94159.2 163182 147228 83418.1 156693 196392 166079 6753.93 35753 92974.9 189272 116026 43984.2 197300 155078 120691 105369 46960.1 23275.8 167383 96331.6 7141.72 45500.6 10094.3 19814.1 20135.3 126276 146819 71774.9 133530 21301.9 151988 52785 49524.1 21199.2 61308.1 65068.9 145178 70430.6 28019.3 184849 135299 146411 69459.2 36721.3 115784 64363.7 144584 165956 139476 70931.7 8637.28 55735.8 125457 176537 84823.1 145098 105721 50133.3 195128 120942 57953.5 199738 38315.3 97771.9 126374 135325 93289.4 142964 81608.2 180340 189596 122933 73699.3 42007.3 117244 63840.8 51443 126901 55834.1 173402 90895.2 48047.9 129351 32829.8 129025 41607 33650.9 33728.1 94360.4 100480 56889.5 22098.3 172171 183170 97061.8 71013.6 103139 140933 105158 139823 125254 130857 107900 121281 112646 16015.6 62747.8 184991 145374 46814.4 199640 173116 45736.5 43105.4 110420 136395 31385.1 93630.2 199794 1628.99 47867.5 89830.2 266.895 161242 3644.58 188891 5305.55 226 0 
0 150003 175694 74640.2 14879.2 168114 135808 73962.5 43907.2 133651 48110.5 87360.8 30950.7 15574.3 128635 63096.4 64516.9 178064 96960.6 41555.5 145869 135711 30329.9 168590 51856 189480 183538 30442.1 168796 68296.7 75798.8 171562 66910.7 24213.8 99409.6 94092.1 144773 16557.9 106611 90229.1 179637 103064 54606 95817.9 199277 198701 150191 52455.4 194452 110574 55525.9 86146.7 87846.1 164112 120480 172490 168512 30940.8 197432 14701.7 2207.48 132760 2178.79 44115.6 114849 68891.5 174951 148070 73136.6 73158.5 127907 32618.9 163202 89753.5 191246 29364.6 181081 195190 69030.1 166466 25573.9 6413.31 98697.5 82450.1 119315 20327.9 81474.4 159109 181796 150213 5375.47 95270 193372 152886 15790.3 121873 123781 123661 118233 198230 76315.7 83424.8 2889.37 175309 186435 132762 89739.6 198790 2820.13 82424.1 183856 121184 111781 152399 36605.4 142342 86172.7 175973 87069.1 14229.1 98352.6 157369 99189.9 44548.2 115843 91213 134200 176032 137022 64365.7 135804 185848 162095 38831.4 169573 12034.6 42998.1 85272.5 31656.4 35807.8 159906 131689 39103.9 178339 3410.02 29201.6 14010.8 126590 187467 175781 93776.1 189277 4436.65 195716 171514 108233 113731 49.3046 64665.5 190838 41256.9 134378 43008.6 126550 58337.1 160130 99549.8 59743.3 26010.3 31043.7 34994.3 111131 184078 154716 160869 88734.9 101466 100129 37234 114190 102191 93213.3 186427 126713 84410.2 48310.2 129014 14113 0 0 
0 126503 149196 124515 168114 53005 75751.9 107013 147173 91883.5 77906.7 98144 185698 146453 49136.1 46893.8 107185 74139.5 38954.6 145797 3603.12 177444 10828.9 107796 162387 58050.9 87994.3 164295 122954 131576 72512.9 194864 24052.1 174622 67740.8 119441 94931.7 30447.8 178917 116134 91920.6 139359 57547.1 36419 128482 63596.6 101513 25207.5 160945 86955.5 153912 16604.8 90696.6 61832.8 51137.6 25190.4 165087 121895 83737.8 151759 48479.2 131447 5305.93 22784 14886 196829 147320 65861.1 67847 96700.6 189377 196378 198893 105464 198326 52609.5 106604 181738 174882 61592 47070.9 20536.8 88711.2 108863 49454.5 156644 108800 72010 14487.7 147459 139972 2397.23 128220 74817 153676 21211.1 146999 185897 15960 96517.5 132005 31794.2 52086.1 195762 75340.4 17821.8 140826 168478 127084 141882 101100 149027 56299.7 158590 18416.1 24932.1 78017.9 59973.3 9785.78 146230 158849 81399.8 15598.7 17411.6 54094.9 42500 94444.6 164388 8208.03 57067 175122 145729 17009 24075.5 165697 75369.5 131211 118482 12604.9 47723.3 182576 193953 184360 153509 40561.4 84481.1 106824 83400.3 163930 60397.4 152883 33958.6 171727 92282.6 91082.6 182395 150257 124076 153289 21721 33561.9 62967.5 37625.4 142516 81560.3 106863 41943.4 65781.9 1433.14 69631.8 39322.8 92468.6 35038.5 174733 744.039 141144 75174.7 31010.8 179615 59308.4 50307.6 127042 188574 73525.1 22292.4 16962.2 56285 3 0 0 
0 53240.3 51593.5 14675 135808 75751.9 163708 128988 155941 34248.2 171031 155652 21308.1 49009.5 111220 51102.9 79509.9 72766.3 4117.84 141234 181878 47127 1368.65 63993.1 6784.93 60367.5 171497 158116 149027 3601.44 148000 34524.2 82802.6 25383.2 107949 10067.1 192142 29395.9 68488.1 121776 86985.3 158363 164043 122646 73078.4 95160.4 181900 189166 117552 176739 94864.9 149063 120193 18135.9 39447.2 166650 87077.2 12633.9 82869 171644 69873.6 160232 196421 23986.1 121304 110434 44708.3 154756 188855 6863.85 191101 35941.6 190133 78867 154144 186244 118529 84570.9 97397.2 128793 77940.9 79413.5 9464.9 102525 115360 164875 143337 85973.6 161016 168371 28690 3347.59 127970 114409 56976.3 22850 2606.99 161284 22160.9 183427 193951 128208 25651.8 82926.4 45111.5 20674.1 163524 125399 12956.5 91079.3 130893 8417.13 38772 59988.2 33986.1 67035.7 177021 29545.9 115746 41938.4 46483.1 21965.9 81814.5 175094 106536 80355.6 158098 138806 93089.3 122628 135639 124042 47737.5 14470.4 195910 47219.6 104249 115062 89976.9 72074 111682 128891 10208.5 69166.8 88702.1 23523.5 41353.2 178253 113291 30515.3 171758 101916 110353 179203 161255 122965 16652 141776 183330 29040.5 82399.7 143396 152929 4378.95 188976 165839 74848.1 10516.3 99798.5 123669 4090.88 183493 94920.2 8363.06 95050.7 110845 176648 59769.3 197463 108010 63787.2 18152.2 30048.8 96048.5 184222 82570.8 124 0 0 0 
0 194444 40486.3 38888.8 73962.5 107013 128988 145227 39183.3 126501 19523.6 168586 199467 107339 113270 171546 195793 21803.4 75360.1 99562.7 125067 37199.5 154022 167682 70251.3 88698.2 179488 158561 184370 77127.7 140025 23553.3 73838.9 105914 134888 53244.3 3652.6 181133 115673 33593.6 114679 100408 88716.5 152680 140491 46299.9 5274.36 162643 108063 80116.8 196200 51207.6 120353 82379.4 4151.28 64379.9 54023.1 32962.9 69493.4 150789 117750 87464.2 44605.4 88033.3 106868 31375.4 175170 156538 52194.6 31277 101974 138861 101838 44263.5 195384 179347 17114.1 181463 159224 127370 11117.8 76524.7 49145.8 55418.7 133356 70269.6 112890 78677.2 103314 176782 66649 186775 61448.6 2069.13 35903.6 97482.9 41810.3 171956 1770.51 69715.9 141220 139198 130893 61841 151855 169979 80998.2 118886 142389 134347 40592.5 72313.1 193178 32811.9 182308 66207.8 32604.3 121066 131787 91366.9 5535.66 122173 117917 64499.5 178801 192561 103491 60339 126825 89579.1 89390.9 175118 25568.6 88479 96596.8 140196 181117 191862 52969.9 174832 52365.8 155549 38054 100187 164203 11816.3 60373.4 136705 173590 130805 6625.42 115220 186008 11424.7 150740 103400 52903 81765.8 134822 154338 38808.6 139240 944.648 193586 7457.7 179145 128255 5370.69 29869.8 162490 30339.4 162383 164506 99148.6 136355 105944 100311 106257 21700.4 167607 101830 11404.3 123428 118777 65532.6 3844 0 0 0 0 
0 154913 52153.2 58541.5 43907.2 147173 155941 39183.3 24579 66286.1 26772 44333.3 124654 120230 71090.3 166803 170691 86315.8 6862.42 117193 180837 170456 23202.7 158534 116717 44414.6 151929 101868 117316 27396.7 178995 88703.5 150418 154624 62752.3 119740 192147 69079.1 102829 148467 64764.5 132027 188478 87431.2 175781 14820.2 118432 16628.2 194585 179080 119939 110894 168548 19346.4 169072 21671.8 41573.6 166313 138751 71562.5 64901.7 159870 12012.6 107904 86244.7 71743.2 18026.2 110894 68262.6 135310 136853 157959 168549 105153 123563 159137 54919.7 183169 152457 29065.6 100359 26184.5 79991.5 170191 188651 171341 37450.7 60693.7 20503.2 97254.3 52840.5 34929.6 48271.3 54998.3 193440 102492 77200.7 109437 64189.1 145530 110525 118029 93699.6 62754.9 61176.1 90214 148093 44542.4 44490.6 12681.4 185738 134093 51330.3 104072 20814.4 186443 97269.1 116466 138580 50239.6 163831 79107.1 177887 104571 77075.6 144468 181400 117839 62858.3 144002 46540.5 105174 48797.7 5672.33 113768 83824.6 160843 100044 46029.4 66136.3 121125 5416.06 56353.9 168913 73224.1 65579.1 162245 144591 45708.2 139172 71342.6 52691.4 117702 21060 127.381 58202.4 52067.7 75930.6 146087 126705 129926 153236 5265.52 53714.2 164981 198464 148664 191644 148456 9002.62 9440.52 149650 60230.4 104535 43560.9 105616 162125 186866 107731 91512.8 116859 76701.1 88234.9 84675.3 101061 0 0 0 0 0 
0 103109 150636 87086.1 133651 91883.5 34248.2 126501 66286.1 151959 59262.6 181195 12759.9 99258.8 191918 95293.5 198815 55975.1 156627 82875.3 4987.99 72612.7 94869.6 129460 175185 15289.8 38408.3 171512 110416 11006.3 1752.66 193484 71779.1 52119.9 195414 111584 53147.1 6134.85 59806 138758 47318.5 71917 87711.2 119179 109379 26745.4 191221 515.356 132845 72000.5 189535 101650 67657.1 159061 93437.2 162017 93414 45637 18943.1 198567 61278.9 27793.7 190381 38355.1 48949.7 176988 118410 127007 54874.7 76383.2 56895.9 153919 142415 133103 164954 156890 90846.5 17130.6 9905.46 41905.8 25704 120102 160445 105209 5172.39 87539.1 27282.3 177293 46186.8 177382 149216 39139.2 149626 24554.2 157271 111787 34612.1 138535 29964.8 42382.7 25529 121901 119052 182917 2782.29 16420.5 66351.1 206.812 69827.7 64505.3 138785 53157.8 172175 77463.6 54106.3 122727 21262.2 171853 114574 191944 31987.6 182454 474.111 121778 130787 8687.75 132428 44027.8 103656 181455 86275.7 158562 43142.5 107346 7866.81 945.915 108480 80822.3 120672 46438.4 186856 66099.6 36298.7 29439.4 129743 165099 61540.2 30321.7 99090.5 191708 38714.4 36826.1 6881.45 147997 198068 51064.1 57226.6 32288.6 2304.83 61854.4 77325.4 59620.1 109045 188601 146116 193179 70590.1 126447 182038 444.07 23321.9 51080.5 15034.7 168701 5493.61 20434 79341.4 697.224 154441 13080.2 152753 121341 26386.1 111787 11 0 0 0 0 0 
0 37678.4 88914.3 151321 48110.5 77906.7 171031 19523.6 26772 59262.6 178712 100808 156668 121244 158286 128718 151917 13548.7 79131.8 70070 180250 145717 170663 14421.7 85653.6 63150.1 106299 154088 85562.2 151384 124343 42864.9 15615.8 7598.18 18789.1 1688.98 113283 62062.3 80199.5 131566 28836.8 55223 161797 99853.9 84045.7 57587.1 147856 178210 139710 134928 3291.85 121882 79091.7 66202.3 29203.7 196471 19447.5 123725 37906.6 94899.1 50433.6 133114 17900.3 72870.2 120694 59290.5 22675.8 117146 47034.2 117017 141393 127108 50104.4 65952.2 195219 166288 36737.9 174848 72836.8 66597.7 136942 5595.61 112604 669.628 144343 124609 136171 163087 148.732 14198.2 56507.9 126799 97836 2216.28 39568.4 39208.6 66225.4 152392 128589 108060 122401 25754.1 42011.9 55636.4 195465 179479 25833.1 157958 72981.5 28276.7 103615 127771 122594 8701.6 130490 23698.7 78163 126133 172633 21118.2 50284.5 44190.7 63200.9 40863.1 93917.9 149589 132749 4511.31 164948 160390 82573.1 106583 92490.9 31053.7 83342.9 21908.7 108026 86642.7 122794 52759.8 86762.3 43233.4 198047 31058.9 90565.1 108232 76292.4 193004 88220.9 75389.1 47540.1 16861.4 171872 29625.1 61979.6 56538.1 190704 129914 184015 129185 169731 149766 136903 154459 151370 199133 23662.5 10430.8 101298 87027.9 131317 58887.8 73971.4 46663.3 189685 172359 84349.3 41388.8 110802 123628 26726.4 108452 149481 244 0 0 0 0 0 0 
0 190317 58100.9 80821.9 87360.8 98144 155652 168586 44333.3 181195 100808 157928 125124 71717.9 117247 151050 133942 178096 46110.8 16315.4 136245 100646 114322 38933.3 141631 186201 171037 82876.3 111276 188167 183593 141385 174951 133868 43835.2 142172 118597 199227 86358.4 194478 161660 30456.7 96711.9 57016.3 126788 154744 133206 20396.7 21864.3 144288 179617 141507 54717.7 35013.4 68242 82934.2 37391.5 118782 53429.3 198179 192207 111834 77854.5 144624 95073.4 154266 66754.8 109312 8898.68 124813 130196 33673.4 161673 27558.5 102362 52207.1 97629.5 155485 85655.5 194654 42669.6 73864.4 53491.8 139929 42011.1 121007 166960 57888.5 159030 97623.6 58962.5 102423 114922 138366 41242.4 110448 105760 34576 184894 153203 192082 34164.8 170860 31805.7 4041.71 98851.7 57059 150678 41748 87702.2 117363 88172.9 134156 82207.8 24287.9 153684 175432 172394 80082.8 79831.7 148015 116923 54748 78979.1 39010.1 64613.7 127303 146956 19036 113001 191304 171052 112478 115945 104275 125877 140127 124487 40187.9 30123.2 116503 155833 7240.33 118652 69186.2 172746 156283 33565.9 40496.7 174198 158501 30297.9 23737.3 122433 89774.5 30261.6 40084.7 92144.6 65012.4 156835 124015 51684.5 197516 117127 15552.2 66101.2 26001 84296.9 110794 149484 145404 121296 8625.01 178263 17508.1 102163 73084.8 56158.7 118186 37305.8 152148 165609 4463 0 0 0 0 0 0 0 
0 51015.1 39402.2 72664.3 30950.7 185698 21308.1 199467 124654 12759.9 156668 125124 91954.5 146170 23713.3 44664.6 66705.7 71697.3 59270.8 192482 2285.76 48624.8 14317.2 16996.2 24149.5 172658 121091 44700.7 169527 42877.2 45243.9 111444 59837.1 144916 16644.1 188200 181784 51544.6 158285 136488 132579 157090 15139.4 94246.4 166011 7131.12 124939 123522 192733 115971 4055.6 40070.5 43387.9 8107.29 164353 44804.6 29496.6 71312 195202 198276 74676.4 185283 160823 118184 127209 103398 195022 38852.8 42728.9 44160.6 68800.3 81190.6 117881 150940 3020.07 80038.7 120923 72200.9 128103 157894 93746.3 42663.2 145813 183804 179568 29350.7 162288 187858 28431 191553 189755 169515 192293 181466 100946 130119 155335 171608 181022 10944.8 186740 106084 120498 187468 153007 37194.4 114815 153183 132920 113750 105731 115298 54989.7 62767.3 133785 123552 36582.2 151519 151253 80911.4 85053.3 33192.5 157049 83588 104445 147560 67418.4 138082 128719 17741.4 149790 64396.9 42027.2 137643 27656.9 123218 183490 1786.35 77385.8 148527 110463 60586.1 121500 17046.6 31299.4 120736 120772 90706.1 153284 138240 142210 124810 96887 103870 93835.2 103458 158069 165475 41086.5 185522 63041 166970 109901 34398.9 162032 128186 28569.3 35748 150699 34841.1 46892.5 20659.3 45826.8 96123.9 33553.9 104665 72838.1 42780.6 105154 112228 146342 73461 0 0 0 0 0 0 0 0 
0 165862 103104 24754.4 15574.3 146453 49009.5 107339 120230 99258.8 121244 71717.9 146170 172664 103657 37113.4 125039 19874.1 91801.4 176185 48081 132159 57798.7 136315 169414 129273 167136 16933.5 33729.6 49892.4 24618.3 191630 102751 142951 114306 13723.7 37551.1 140200 134936 79358.6 46917 119687 104822 5584.41 134527 20991.7 83527.8 122201 17654.7 332.906 127695 104846 167762 171444 92075.8 72247.4 115126 29108.9 32720.5 174983 11097.5 24070.7 178822 105055 152967 139732 162200 147742 42608.8 61235.4 127256 48509.5 110124 131377 180180 177992 115436 123779 175241 76601.8 179087 163038 183019 150745 174705 9384.59 148496 46760.5 36743.5 40869.1 64884.1 60276.4 25289 123997 198828 199266 191519 108204 199631 17089.8 142348 92814.7 26976.8 85896 60943.8 24786.5 125054 10857 194320 184538 42660.1 58526.2 41805.3 79102.2 28443.1 180821 124282 44099.6 139478 15252.2 190026 136384 54745.6 159143 190304 123322 194068 191112 111199 197780 147577 116498 193678 55677.9 88819.2 18790.9 87012.9 155476 17108.7 160875 34965.8 105818 161756 167065 143067 20216.8 112233 71850.9 195690 166359 98049.7 166415 4484.01 133954 80966 191227 171774 162104 135647 43697 20053 186671 8270.67 185068 191877 190232 43822.5 132999 36135.8 102068 134376 23949 173945 110281 74848.4 144494 81577.7 106498 98059 132947 101937 5 0 0 0 0 0 0 0 0 
0 64948.9 144348 7496.19 128635 49136.1 111220 113270 71090.3 191918 158286 117247 23713.3 103657 147934 198267 65852.3 65982.5 125595 25933.4 44399.8 7198.76 143205 89105.4 150745 75508.1 193358 175131 98962 46361.3 78936.7 178949 48543.1 81660.1 154887 179514 22815.8 49109.2 111524 66396.4 22592.2 76694.8 49264.9 66094.8 699.655 166475 119602 194777 110881 14230.9 41314.6 49315.7 147447 53417 99938.9 106918 127877 195335 39550.2 56677.6 59043.7 187504 101275 144074 94451.4 85522.7 50358.9 85305.8 54528.9 55672.4 75895.3 25538 15377.3 96302.1 79399.6 100108 171453 196230 177116 24207.2 146008 197508 196915 47352.6 27359.3 174495 198701 145692 195231 53484.4 8310.99 192298 125648 124242 31623.4 114156 80136.5 91992.6 168738 176860 177499 125445 50430.2 79446 182755 81676.7 93724.5 9754.3 84139.8 168674 62860.5 33319.6 74149.4 141489 172362 51081.3 93463.7 178573 135398 172221 24460.6 132421 96085.7 122074 136780 198511 70710 111184 110035 139769 74010.8 105905 179499 127693 155495 153549 67597.3 168118 165399 63927.1 5022.5 112647 5124.99 176165 37424.7 183196 18382.7 166808 20829.8 88353.9 139668 107870 20262.4 144529 39838 27688.8 21070.6 123354 92811.5 15470.3 66587.8 40843.7 157960 155763 103650 133920 83829.1 166498 26374 158816 91630 190285 24603.6 31397.8 188565 74175.7 59001.1 42827.2 81897.7 172843 80 0 0 0 0 0 0 0 0 0 
0 110246 16763.9 108822 63096.4 46893.8 51102.9 171546 166803 95293.5 128718 151050 44664.6 37113.4 198267 79398.4 177501 139651 113407 144101 19332.9 163418 45617.9 158057 180503 170337 163190 145400 6951.95 142616 171127 37763.5 74036.2 163467 139478 190226 97096.5 2143.13 152079 160536 50202.2 12205.5 151725 173724 80685.9 126563 150429 75486.3 55602.3 152958 142420 130803 84241.3 185267 141011 136434 43319.8 56248.5 32767.2 45539.3 29014.4 168736 3303.47 173738 73925 164170 119960 116085 185059 66286 90418.1 130914 164125 82914.8 64125.2 67829.1 135156 121591 131745 67249 146904 116199 78563 10623.2 166534 178296 111496 92534.1 77933.4 50167.2 155439 162917 197676 128821 175063 172923 100044 43928 40561 141714 11034.4 199123 112822 83381.8 185975 150717 35146.1 128757 84666.6 123594 167494 11578.9 165929 190490 37218.9 178560 144784 81019.6 170283 164116 36629 75740.2 161861 72142.4 183560 185897 112473 79475.5 15242 171430 46653.9 105088 178825 31615.2 99728.7 87089.5 4838.18 197563 162401 16020.5 152046 75225.8 107546 167915 31002.2 71494.1 37033.2 30754.9 126535 128807 26725.7 151290 66755.5 56044.6 185108 39221.4 163236 179280 120346 92450.7 134976 188773 149271 162533 124297 177863 10398 127009 107084 153294 135023 65903.8 123526 55823 132988 112697 23882.8 49715.5 111872 1039 0 0 0 0 0 0 0 0 0 0 
0 17758.8 116472 172557 64516.9 107185 79509.9 195793 170691 198815 151917 133942 66705.7 125039 65852.3 177501 58622.1 118498 107639 124333 90103.1 101656 104555 62252.3 101174 36172 92642 172246 43120.3 172186 152674 139210 108917 192323 168420 50766.9 33000.8 146925 88151 155261 137176 130782 149191 47761.3 134203 153854 193569 57187.4 190621 74938.5 187284 4071.07 97431 7192.12 117007 13374.9 112879 168665 136326 160406 178888 163057 157081 117766 120653 38490.5 64517 3436.71 5477.7 93479.3 178093 50118.6 131231 37642.8 118262 85453.7 99487.5 48522 26133 66333 102212 165273 69943.6 175725 108722 186665 16367.3 32884.3 23813.1 40363.6 92478.7 132910 94425.4 82211 134795 70108.6 146192 170613 170138 113104 113797 178834 91483.2 13534 150216 186311 23211.6 59940.8 182528 197828 138894 28275.7 102753 29987.6 81334.8 159620 114072 82923.1 99110.8 114816 190447 68149.8 140008 137327 117007 43042.1 21259.7 20815.8 85694.2 158996 150700 86513.8 182783 113796 186362 173644 196690 12983.8 91318.5 106569 101434 159364 74540.5 123279 148262 125373 90856.9 66951.4 140925 50221.2 8175.03 99308.8 18642.3 51327.2 185401 141121 40789.9 144703 16815.9 178756 100881 115560 68232.9 169835 93899 196718 113000 81433.9 116280 3207.3 63004.4 29945.8 142164 157006 80339.3 87141.2 143332 160097 12345 0 0 0 0 0 0 0 0 0 0 0 
0 20342.5 65930.9 39400.9 178064 74139.5 72766.3 21803.4 86315.8 55975.1 13548.7 178096 71697.3 19874.1 65982.5 139651 118498 196437 107231 199263 171200 67050.4 171938 116192 132492 180801 136533 192135 121342 98993.2 71245.3 33552.4 68457.2 53572.3 97996.9 143037 85097.2 179485 81800 61395.7 129198 198934 156860 159053 180469 115050 102499 99566.8 176053 143793 64876.9 36088.6 90632.6 134297 52982.9 116352 31326.5 151466 83248 108305 67057.2 108377 34574.5 66157.7 188411 22720 34713.9 24798.1 170261 110511 181577 86373.9 22737.1 160693 16362.1 116110 129853 171517 161068 20719.8 183059 150629 110692 104766 94795.5 81307.1 187509 102670 70550.6 163768 12857.8 124046 126254 47912.1 121446 61740.2 8432.71 173871 105138 163278 63339.6 145639 88893.4 99015.3 11717 39833.8 142922 136803 117746 77874.4 72746.3 157531 178549 96893.5 94502.7 58646 187036 44321.9 91722.4 17051.5 152740 188531 159184 152620 133253 17118.5 38811.8 95231.8 6516.31 20459.7 58312.5 91609.6 45379 76677.8 121315 156229 104558 34406.6 47772.6 129335 135144 33588 946.57 155586 169599 191102 104472 176357 17742.5 53261.8 40698.6 111075 56377.5 33389.1 123221 141328 100658 56858.1 33962.7 127995 130904 121311 142671 67949.1 197498 159381 189768 64425.6 29425.2 169808 124076 125026 185177 193044 45600.3 180202 161079 136580 0 0 0 0 0 0 0 0 0 0 0 0 
0 103926 130790 98277.4 96960.6 38954.6 4117.84 75360.1 6862.42 156627 79131.8 46110.8 59270.8 91801.4 125595 113407 107639 107231 1312.14 62020.5 51932.2 164431 24095.5 189081 66102.1 157783 96241.7 50860.3 147343 100860 144330 118573 35417.7 117808 14907.3 98213.3 100787 139589 187840 138529 110337 95918.4 122387 145733 35156.9 191959 123804 40024.3 102018 177124 15948.5 130571 120609 39897 115666 96326.6 5648 7737.48 106880 167796 185039 37549.2 84993.8 161316 167429 33501.7 46529.8 17190.5 50468.6 52600.2 102662 185948 179403 55675.4 13861.1 139468 84887.1 168457 7667.38 140510 165927 75500.4 59530.9 115468 91686.6 88312.2 24566.4 130969 105549 111272 152795 163866 36339.7 192543 180135 143195 144930 146965 126603 114212 143286 44054.4 158319 181185 80346.7 91850 48407.1 144529 79585.7 10342.5 181378 163767 140381 46432.2 166344 66852.5 27427.2 182247 87995.4 139158 47088.1 144552 178279 23507.5 197721 190615 149440 69539.8 23107.6 49491.9 65394.7 15942.1 134376 100754 9585.02 56753.4 190139 29686.3 21988.7 63269.6 112920 144607 144188 7779.25 84605.6 196437 100360 160035 63090.6 22963.8 21387.9 20301.2 123834 99041.4 105860 39255.5 3822.42 86260.1 93785.6 106264 185262 83618.4 96905 91797 102617 185701 64645.9 29578.5 191429 33323.6 187858 154902 51441.2 191401 56190.2 105236 14020 7 0 0 0 0 0 0 0 0 0 0 0 0 
0 89908.5 150861 123834 41555.5 145797 141234 99562.7 117193 82875.3 70070 16315.4 192482 176185 25933.4 144101 124333 199263 62020.5 6441.58 38293.9 126362 110522 186594 59516 66374.8 157436 189209 137546 165468 62310.2 105511 67337.9 78035.8 37216.2 194214 2428.4 167769 85506.7 122090 52794.3 7026.56 60527.5 118671 81813.4 190782 28307.1 13782.9 55550.8 107588 43865.6 16047.9 59602.4 8359.46 176807 176402 124473 145229 89097.3 27838.6 189969 142092 101836 140543 86617.9 145586 8483.6 15529.4 148245 103316 84162.1 153095 155007 119086 129637 88819.4 39469.8 86884.1 176123 134526 22301.8 73841.6 20690 72093.9 6948.42 151747 104499 101183 58770.2 89514.6 20255.9 177002 185733 1969.12 84879.3 113246 7286.95 154376 117250 15755.3 29308.6 6952.32 152877 11871.5 145356 81875 149000 16965.3 55560.7 26483 14051.1 93061.3 29638.8 106092 120953 121123 8890.58 165823 93981.2 191782 160377 181739 129191 33115.1 32152.5 93969.9 70255.5 114108 74700.2 14837.9 176611 87911.4 186518 28037.1 2043.61 9007.81 146782 115826 161865 130851 46182.5 37405.3 128292 148580 41834.5 110328 40411.8 77853.7 48324.9 189570 140406 53289.6 83567 91817.5 107661 153225 181413 104491 62464.6 50600 36517.9 45936.3 2468.38 95304.7 180146 17000.5 120489 156208 194105 141004 161205 47377.8 151838 28945 17295.8 147429 75 0 0 0 0 0 0 0 0 0 0 0 0 0 
0 199674 175855 124581 145869 3603.12 181878 125067 180837 4987.99 180250 136245 2285.76 48081 44399.8 19332.9 90103.1 171200 51932.2 38293.9 72267.1 173598 90716.4 41310.4 59084.1 14608.6 70650.2 175251 64624.1 127843 125705 80500.3 188821 16244.2 28609.2 88349.6 4574.38 189860 97305 31313.5 134556 76385.2 73718.3 74750.5 192130 158381 146037 98551.4 4204.47 70436.6 137849 24738.5 33824.1 60111 91384.6 52711.3 198609 68174.2 99414.4 168866 147810 140530 121467 173667 99061.3 22215.1 121964 35412.3 5041.48 195880 132005 36360 92259.1 87381.6 129843 122730 190962 12975.7 114947 1100.51 125420 9968.56 191087 58376.4 19464.1 133553 83162.3 22731.2 144230 94431 169131 131783 113625 33758 19295.8 70215.1 20100.6 187815 161919 118787 186262 169888 177567 199438 32459 106595 41525.9 35610.5 78703.6 57379.4 185990 190100 16199 36204.9 77219.7 104797 106205 126055 29940.4 98192.3 2769.54 179150 166986 89838.9 24452.5 115026 153817 104479 92801.1 114620 174767 17893.4 77456 143729 117467 85360.6 98431.5 173334 37040.2 42311.7 49081.8 67572.6 149390 81501.6 196372 47613.8 194189 20308.2 103948 55748.6 28877 124995 181249 14106.7 23062 41295.1 182350 79658.8 37039.9 95672.3 2276.16 45673.9 90222.5 28085.5 51691.4 150610 142780 55812.1 13348.3 133641 43966.9 28922.5 145485 41696.2 97511.7 697 0 0 0 0 0 0 0 0 0 0 0 0 0 0 
0 130735 76768.5 163057 135711 177444 47127 37199.5 170456 72612.7 145717 100646 48624.8 132159 7198.76 163418 101656 67050.4 164431 126362 173598 162473 63885.7 161230 87993 162125 70725.5 155320 49589.5 3001.29 34649.4 60010.3 69113.6 36131.5 22139 131916 88422.1 24322.2 53772.3 114895 112709 163309 179746 104655 122828 22955.6 30522.7 164294 126673 123947 12954.4 20060.5 54264.9 103129 135021 66173.9 134789 172313 137368 107812 74826.4 51023.1 24161.5 107321 144375 38177.2 137448 16678.6 177256 42729 50273.5 90111.3 21802.3 109333 53459.5 44415 197927 147791 129413 39217.4 97496.3 115013 170263 197735 63120 27146.6 111090 122438 113256 182713 47604.1 101371 155515 104495 199968 57149.5 159466 78894.9 112239 190110 141642 159154 121271 165088 12326.9 76389.8 85892.8 19985.9 101410 154825 3862.55 63218.4 33830.7 95220.8 84505.4 64803.4 67598 65603.4 108549 16529.4 179247 192818 29541.9 52436.4 58329.4 131209 88127.9 10964.7 149281 80247.7 13994.7 37971.4 82112 11031.7 175848 119371 129308 49398 38091.7 38485.4 139897 66356.8 88731.7 49870.2 52729.2 136366 21190.5 101096 12182.9 113444 121109 106216 121221 171424 71418.5 74592.6 104546 198.04 105443 111480 119110 54406 58363.4 37185.3 123031 16186.2 106628 24737.1 179849 78955.9 127461 35765.2 158594 13478.1 6074 0 0 0 0 0 0 0 0 0 0 0 0 0 0 0 
0 168182 110457 122176 30329.9 10828.9 1368.65 154022 23202.7 94869.6 170663 114322 14317.2 57798.7 143205 45617.9 104555 171938 24095.5 110522 90716.4 63885.7 21236.2 147963 5480.57 117687 115188 174580 145185 144398 138335 73398.4 150061 194056 17198.8 158329 92219.2 116805 144326 158501 129062 34471.5 78122 98586.4 54517.2 154325 148184 50109.3 106603 2030.17 84384.5 37642.6 84011.2 97434.9 187858 165957 140345 22624.2 86725 182061 22218.6 107722 34141.5 64874.2 137261 89937.3 93604.3 64408.9 114333 62212.4 82337.4 196368 74013 48496.1 83489 135535 34788.9 167361 153741 16318.6 89712.3 13142.2 71239 114025 52794.1 87025.2 61138.6 27816.9 22591.5 39821.8 52937.6 51447.7 67138.9 111690 36245.3 78432.5 104996 57059.3 161303 165625 47613.1 115989 176972 118460 172408 37310.9 22191.7 170066 71717 172918 106046 140818 151506 92933.5 182376 155830 149102 111992 161222 15561 148814 76961 182947 101380 134572 168223 28341.9 185886 192645 175194 186534 79784.8 150438 22751.5 137545 80190.5 86504 134127 99668.6 62506.7 128127 76327.5 164979 21998.5 115131 51764.6 191028 126352 79953.8 13739.2 21862.5 67115.8 32470.4 170968 101069 65170.9 150385 51323.6 101087 65358.8 75419.2 167455 145001 179578 15.1723 155578 46684.9 36575.3 72999.8 119477 75697.5 34271.1 138971 50042 0 0 0 0 0 0 0 0 0 0 0 0 0 0 0 0 
0 53693.1 132655 58259.9 168590 107796 63993.1 167682 158534 129460 14421.7 38933.3 16996.2 136315 89105.4 158057 62252.3 116192 189081 186594 41310.4 161230 147963 27285.7 112777 175008 63023.6 47304.9 177791 6778.37 136397 172800 151227 37318.1 48786.7 108180 22828.4 40313.3 103882 25885.6 177587 182042 120888 18729.8 183180 44964.8 26391.6 173431 152590 9177.15 181492 115450 117790 99370.1 178242 178966 113675 48559.5 155628 149517 94385.3 40008.5 174635 135007 45477.1 50049.3 24743.9 111802 13362.1 50780.4 94345.8 144453 172501 5776.53 27344 159134 196489 120143 128525 168897 181327 91363.8 124209 188587 136897 135972 155284 166700 55895.7 58171.5 114033 109339 168128 140818 92824.3 39585.4 164581 27515.9 49877.3 136284 109698 125936 60013.5 135232 35702.8 133641 59406.6 162613 102778 122393 37239 30439.8 9475.17 106960 56859.2 59813.1 176285 90513.1 95254.7 185725 28200.5 136921 146945 187329 158212 166721 21012.3 139957 151905 166098 94023.3 41471.4 187768 61772.2 144046 111512 79227.2 100442 88055.9 24184.4 61719.9 69070.1 75014 141037 63042.4 153777 58035.1 41913 93148.6 43249.9 71111 31761.4 7645.2 111717 156739 88523.2 147860 141028 181921 166662 46006.4 98118.7 119200 95361.9 106935 133180 16289.1 53608.4 71236.3 67127 28459.9 143826 191242 1 0 0 0 0 0 0 0 0 0 0 0 0 0 0 0 0 
0 74999.1 87115.7 40788.8 51856 162387 6784.93 70251.3 116717 175185 85653.6 141631 24149.5 169414 150745 180503 101174 132492 66102.1 59516 59084.1 87993 5480.57 112777 108699 34707.7 123166 145938 164851 173851 86976 9978.78 97944.1 114616 103596 124276 162799 149579 52934.4 193693 63494.6 108163 67633.8 63018.5 134192 172510 21147.5 52615.1 109001 188772 22507.9 103432 159018 106390 173757 140512 40553.8 88128.8 113973 140538 67552.3 141923 28384.2 119706 189410 13182 125575 183409 16935.7 54468.8 153167 98582.6 125249 20143.3 70373.8 140042 32664.7 167301 95112.1 176594 59497.8 154173 91193.4 164589 13731.8 163402 25849.4 94797.6 63913.1 32179.4 161512 141810 135159 126068 89853.2 115629 184035 37931 69566 123236 159998 46605.6 178365 51488.2 181162 151635 182308 56055.6 47311 90347.1 101152 26029.2 72615.8 165779 60133.2 69820.9 58867.8 179760 73724.4 98784.9 150879 175822 166723 191758 69479.5 100678 191772 81217.1 163256 97109.8 154567 58076.2 176884 153173 11170.3 188220 39890.7 189190 131908 7089.68 174910 72023.2 147239 182128 8624.5 121552 192327 29952.8 189025 146612 19370.6 84598.5 15048.1 37550.9 20237.3 119101 82162.8 198438 131088 60923.7 25044.5 33491.3 54460.7 114315 159749 1984.99 29925.5 70270.8 33168.4 104782 2191.67 108809 15 0 0 0 0 0 0 0 0 0 0 0 0 0 0 0 0 0 
0 40016.5 119081 51203.1 189480 58050.9 60367.5 88698.2 44414.6 15289.8 63150.1 186201 172658 129273 75508.1 170337 36172 180801 157783 66374.8 14608.6 162125 117687 175008 34707.7 44116.3 115819 151884 72226 178307 121067 131071 40957.9 77107.9 121544 68224.5 172705 111297 77651.6 45107.2 21680.1 28453.3 127694 167821 52438.8 105886 42629.9 22825.7 190254 108801 161967 156427 108678 89279.1 111184 187321 42946.2 82.288 32728.9 108267 172404 185279 123955 16359.3 138781 9837.14 137908 178256 166226 147812 24036.2 145126 134313 52293.9 78366.2 35491.1 163496 125701 138973 122893 174816 190862 94272.5 73098.6 150996 139037 169511 20898.4 63218 191236 168300 62310 8512.86 178158 53249.1 181150 105258 26806.1 108806 192710 43470.3 168062 115391 40510.8 164436 147058 99512.8 38489.9 153914 171969 52144.4 27452.9 57997.9 160873 140523 12009 98353.5 59426 181029 124643 197396 62130.6 6349.17 112058 17345.7 139012 112495 141378 173671 165976 38363.8 71898.2 143631 155768 76689.5 183071 42238.7 48676.5 28587.5 193607 58799.6 11008.7 160743 143893 178443 180919 192550 146848 159135 50883.8 4674.54 53197.7 194770 56694.7 4334.48 192080 129950 140276 163380 88177.4 12166.3 133396 196112 150638 47026 165393 123783 146959 133406 182103 4067.79 117 0 0 0 0 0 0 0 0 0 0 0 0 0 0 0 0 0 0 
0 15957.6 136925 125961 183538 87994.3 171497 179488 151929 38408.3 106299 171037 121091 167136 193358 163190 92642 136533 96241.7 157436 70650.2 70725.5 115188 63023.6 123166 115819 106460 26508.2 169657 91657.1 27847.1 32890.3 161098 119418 86147.5 92318.5 44562.1 138988 101824 146516 35774.4 175155 69550.5 10901.3 65671.5 49914 69513.6 103537 117849 100058 120448 122987 87715.1 151094 60740.1 11077.5 175576 12567.6 125397 61406 88374.2 45992.5 84863.2 173757 165175 185472 56408.9 89731 108577 166835 41633.7 7935.47 169836 20717.8 77285.9 166810 189016 65420.8 52078.6 21229.1 35767.6 138109 1749.09 193623 4127.35 116846 71014.3 138398 194121 59263.2 5815.86 169863 12561.1 61809.4 9156.93 75186.7 45397.3 148036 157495 139197 69740.9 135559 188595 63568.1 74805.7 188650 181121 41811.3 104576 151076 35753.8 8552.64 5925.09 87841.5 125851 103735 178386 149300 55731.8 64314.3 55022.6 144086 190028 171029 5131.95 86100.7 102029 175645 38052.4 153537 55784.1 112715 15386.1 153190 96883.9 171130 38298.5 175513 8423.23 174499 134947 145377 89586.7 94228.6 32450.2 144613 82598.4 121337 38956.5 185939 27292.8 61582.5 7462.09 123334 144484 7131.63 50310.6 118006 56540.5 45885.6 155469 197393 59386.3 131474 54760.7 198745 165837 194796 199740 83502.6 799 0 0 0 0 0 0 0 0 0 0 0 0 0 0 0 0 0 0 0 
0 196936 191743 118664 30442.1 164295 158116 158561 101868 171512 154088 82876.3 44700.7 16933.5 175131 145400 172246 192135 50860.3 189209 175251 155320 174580 47304.9 145938 151884 26508.2 131843 97357.9 78243.6 191360 16798.8 149268 104091 76067.5 27794.4 39109.3 17332 119867 188980 176660 32765.5 34401 111065 16531.9 70719 1383.53 194926 79837.4 175001 90332.8 44197.9 104673 102736 31548.5 162786 37366.8 56970.7 188262 121651 31126.6 51099.7 170781 35013 179496 139723 33069.8 15448.4 177688 54143.6 199999 153572 112562 89893 11155.5 38484.8 75624.4 83401.4 170588 56416.7 37853.1 136428 63152.6 64066.5 26199.4 119693 37963.1 180884 138750 164866 133007 13782.5 118149 71573.5 96692.9 17777.4 146789 167435 183516 132015 143794 83739.6 196351 102343 17388.7 152011 12299.6 106448 165278 50689.5 150617 145052 4413.19 11683.6 33169.4 85273.2 30024 120517 80106.4 75694.1 34911.3 108801 47992.5 95685.8 22012.8 189560 170960 32391.7 45432.1 141572 32243.5 15904.5 185908 73630.5 145692 157517 10229.3 123759 122412 132520 22311.9 87297.5 173984 63655.8 188638 34810.1 47088.6 93567.8 39410.7 38537.9 108648 185925 66222.9 137112 191935 117915 49923.1 48849.9 113309 30104.4 100458 41059.2 101130 65215.2 1865.93 192393 104915 98337.7 185720 5195 0 0 0 0 0 0 0 0 0 0 0 0 0 0 0 0 0 0 0 0 
0 80869.5 162492 24636.1 168796 122954 149027 184370 117316 110416 85562.2 111276 169527 33729.6 98962 6951.95 43120.3 121342 147343 137546 64624.1 49589.5 145185 177791 164851 72226 169657 97357.9 168980 35743.8 8219.35 132012 71193 83753.5 133903 67043.9 21079.9 91891.7 81542.2 148574 42159.5 191437 57330.4 137174 45706 179682 4230.42 139404 78373.2 82678.6 154470 152204 176548 43352.7 193307 101558 177454 153062 117148 112077 179290 189839 93194.3 195313 157281 157073 75133.1 122069 130120 193734 100864 151900 29481.5 17520.7 119506 138689 48378.8 67500.3 93814 179767 104301 164748 99584.5 65520.2 17163.5 132906 67338.4 134578 70439.9 113360 22437.8 72427 13412.3 189012 105517 56720 184968 88870.6 174710 48069.8 101390 82976.9 166986 59933.4 147594 54448.2 189314 5031.92 107074 14440 153766 107381 130530 137743 14015.3 1175.54 198070 37873.6 118478 120160 82790.2 52531.3 62908.3 169208 9740.6 169702 124889 58690.4 103833 59208.8 163274 184599 189260 737.756 160962 151254 63000.7 47217.1 147037 28451.7 41276.9 149575 176992 43835 27140.5 61016.3 78810.7 141668 5645.76 181852 117978 29945.2 171957 161018 57879.5 28992.9 38248.5 109305 80620.9 143823 52435.6 189975 149320 67837.3 44358.3 159652 123121 178350 32331 0 0 0 0 0 0 0 0 0 0 0 0 0 0 0 0 0 0 0 0 0 
0 151199 45374.5 58916.2 68296.7 131576 3601.44 77127.7 27396.7 11006.3 151384 188167 42877.2 49892.4 46361.3 142616 172186 98993.2 100860 165468 127843 3001.29 144398 6778.37 173851 178307 91657.1 78243.6 35743.8 35272.3 51350.5 95491.2 22042.6 192424 66409.2 82833.7 159896 187049 109675 24843.3 60015.9 82864.6 72702.8 94165.8 113472 124523 198503 80063.6 176878 166913 181482 8817.21 60170.5 21480.1 152059 91890 69799 115169 66262.5 153641 170710 84879.6 185939 97385.7 118674 5772.22 66983.2 78915.5 67013.5 163698 133000 122334 132737 14078.1 177264 6452.47 128646 62854.4 42314.9 76667.7 178322 152618 36274.6 16018.6 87351.6 196049 141157 196905 31148.6 75182.6 194657 20535.9 66930.7 100897 22799.7 110315 134635 77807.8 67032.6 114857 32416.6 161472 66881.5 164012 121214 72989.3 91388.5 116272 86851.8 77932.9 105681 80166.2 99888.4 158621 136204 50577.9 61511.8 146741 165417 173734 74510.2 99039.6 36306.4 99074 139697 93868.9 185160 153873 28933.1 112052 64349.1 54346.2 193568 5853.33 131136 75988.1 96543.7 91540.4 111433 4725.35 198454 56623.8 137730 148522 67880 4953.14 33188.2 86283.4 93177.7 83776.1 161993 116426 117205 160636 109241 109126 32123.4 191387 146052 69780.6 175157 69007.6 80730.5 68679 137089 132686 57368 192841 0 0 0 0 0 0 0 0 0 0 0 0 0 0 0 0 0 0 0 0 0 0 
