0 0 0 0 0 0 0 0 0 0 0 0 0 0 0 0 0 0 0 0 0 0 0 0 0 0 0 0 0 0 0 0 0 0 0 0 0 0 0 0 0 0 0 0 0 0 0 0 0 0 0 0 0 0 0 0 0 0 0 0 0 0 0 0 0 0 1 1 2 2 3 3 3 3 3 3 3 3 3 3 3 3 3 3 3 3 3 3 3 3 3 3 3 3 3 3 3 3 3 2 2 1 1 0 0 0 0 0 0 0 0 0 0 0 0 0 0 0 0 0 0 0 0 0 0 0 0 0 0 0 0 0 0 0 0 0 0 0 0 0 0 0 0 0 0 0 0 0 0 0 0 0 0 0 0 0 0 0 0 0 0 0 0 0 0 0 0 0 0 
0 0 0 0 0 0 0 0 0 0 0 0 0 0 0 0 0 0 0 0 0 0 0 0 0 0 0 0 0 0 0 0 0 0 0 0 0 0 0 0 0 0 0 0 0 0 0 0 0 0 0 0 0 0 0 0 0 0 0 0 0 0 1 2 2 4 0.99 3.99 0.98 3.98 0.97 2.97 3.97 3.97 3.97 3.97 3.97 3.97 3.97 3.97 3.97 3.97 3.97 3.97 3.97 3.97 3.97 3.97 3.97 3.97 3.97 3.97 3.97 3.97 3.97 3.97 3.97 2.97 0.97 3.98 0.98 3.99 0.99 4 2 2 1 0 0 0 0 0 0 0 0 0 0 0 0 0 0 0 0 0 0 0 0 0 0 0 0 0 0 0 0 0 0 0 0 0 0 0 0 0 0 0 0 0 0 0 0 0 0 0 0 0 0 0 0 0 0 0 0 0 0 0 0 0 0 
0 0 0 0 0 0 0 0 0 0 0 0 0 0 0 0 0 0 0 0 0 0 0 0 0 0 0 0 0 0 0 0 0 0 0 0 0 0 0 0 0 0 0 0 0 0 0 0 0 0 0 0 0 0 0 0 0 0 0 1 2 4 2.99 0.98 3.98 2.97 3.96 2.95 3.94 2.93 3.92 2.91 0.9 2.9 3.9 3.9 3.9 3.9 3.9 3.9 3.9 3.9 3.9 3.9 3.9 3.9 3.9 3.9 3.9 3.9 3.9 3.9 3.9 3.9 3.9 2.9 0.9 2.91 3.92 2.93 3.94 2.95 3.96 2.97 3.98 0.98 2.99 4 2 1 0 0 0 0 0 0 0 0 0 0 0 0 0 0 0 0 0 0 0 0 0 0 0 0 0 0 0 0 0 0 0 0 0 0 0 0 0 0 0 0 0 0 0 0 0 0 0 0 0 0 0 0 0 0 0 0 0 0 0 
0 0 0 0 0 0 0 0 0 0 0 0 0 0 0 0 0 0 0 0 0 0 0 0 0 0 0 0 0 0 0 0 0 0 0 0 0 0 0 0 0 0 0 0 0 0 0 0 0 0 0 0 0 0 0 0 1 2 4 2.99 2.98 3.97 0.95 2.94 3.93 2.91 0.89 3.88 0.86 3.85 0.83 2.82 3.81 2.8 0.79 2.79 3.79 3.79 3.79 3.79 3.79 3.79 3.79 3.79 3.79 3.79 3.79 3.79 3.79 3.79 3.79 3.79 3.79 2.79 0.79 2.8 3.81 2.82 0.83 3.85 0.86 3.88 0.89 2.91 3.93 2.94 0.95 3.97 2.98 2.99 4 2 1 0 0 0 0 0 0 0 0 0 0 0 0 0 0 0 0 0 0 0 0 0 0 0 0 0 0 0 0 0 0 0 0 0 0 0 0 0 0 0 0 0 0 0 0 0 0 0 0 0 0 0 0 0 0 0 0 
0 0 0 0 0 0 0 0 0 0 0 0 0 0 0 0 0 0 0 0 0 0 0 0 0 0 0 0 0 0 0 0 0 0 0 0 0 0 0 0 0 0 0 0 0 0 0 0 0 0 0 0 0 0 1 3 1.99 2.98 3.97 2.95 2.93 2.91 3.89 2.87 3.85 0.82 2.8 2.78 3.76 2.74 3.72 2.7 0.68 2.67 3.66 3.65 1.64 3.64 3.64 3.64 3.64 3.64 3.64 3.64 3.64 3.64 3.64 3.64 3.64 3.64 3.64 3.64 1.64 3.65 3.66 2.67 0.68 2.7 3.72 2.74 3.76 2.78 2.8 0.82 3.85 2.87 3.89 2.91 2.93 2.95 3.97 2.98 1.99 3 1 0 0 0 0 0 0 0 0 0 0 0 0 0 0 0 0 0 0 0 0 0 0 0 0 0 0 0 0 0 0 0 0 0 0 0 0 0 0 0 0 0 0 0 0 0 0 0 0 0 0 0 0 0 0 
0 0 0 0 0 0 0 0 0 0 0 0 0 0 0 0 0 0 0 0 0 0 0 0 0 0 0 0 0 0 0 0 0 0 0 0 0 0 0 0 0 0 0 0 0 0 0 0 0 0 0 1 2 4 2.99 3.98 3.96 0.93 3.91 2.88 2.85 2.82 0.79 3.77 2.74 3.71 2.68 2.65 0.62 3.6 0.57 2.55 3.53 3.51 3.49 1.47 3.46 1.45 3.45 3.45 3.45 3.45 3.45 3.45 3.45 3.45 3.45 3.45 3.45 3.45 3.45 1.45 3.46 1.47 3.49 3.51 3.53 2.55 0.57 3.6 0.62 2.65 2.68 3.71 2.74 3.77 0.79 2.82 2.85 2.88 3.91 0.93 3.96 3.98 2.99 4 2 1 0 0 0 0 0 0 0 0 0 0 0 0 0 0 0 0 0 0 0 0 0 0 0 0 0 0 0 0 0 0 0 0 0 0 0 0 0 0 0 0 0 0 0 0 0 0 0 0 0 0 0 
0 0 0 0 0 0 0 0 0 0 0 0 0 0 0 0 0 0 0 0 0 0 0 0 0 0 0 0 0 0 0 0 0 0 0 0 0 0 0 0 0 0 0 0 0 0 0 0 0 1 3 1.99 2.98 3.97 2.95 3.93 3.9 2.86 1.82 1.78 1.74 0.7 2.67 3.64 2.6 0.56 3.53 0.49 2.46 2.43 3.4 3.37 3.34 2.31 0.28 2.26 0.24 2.23 0.22 2.22 2.22 2.22 2.22 2.22 2.22 2.22 2.22 2.22 2.22 2.22 0.22 2.23 0.24 2.26 0.28 2.31 3.34 3.37 3.4 2.43 2.46 0.49 3.53 0.56 2.6 3.64 2.67 0.7 1.74 1.78 1.82 2.86 3.9 3.93 2.95 3.97 2.98 1.99 3 1 0 0 0 0 0 0 0 0 0 0 0 0 0 0 0 0 0 0 0 0 0 0 0 0 0 0 0 0 0 0 0 0 0 0 0 0 0 0 0 0 0 0 0 0 0 0 0 0 0 
0 0 0 0 0 0 0 0 0 0 0 0 0 0 0 0 0 0 0 0 0 0 0 0 0 0 0 0 0 0 0 0 0 0 0 0 0 0 0 0 0 0 0 0 0 0 0 1 4 2.99 3.98 3.96 0.93 3.91 2.88 3.85 3.81 2.76 2.71 2.66 2.61 1.56 2.52 3.48 0.43 2.39 2.35 3.31 3.27 3.23 3.19 2.15 0.11 2.08 3.05 2.02 4 1.98 3.97 1.96 3.96 3.96 3.96 3.96 3.96 3.96 3.96 3.96 3.96 1.96 3.97 1.98 4 2.02 3.05 2.08 0.11 2.15 3.19 3.23 3.27 3.31 2.35 2.39 0.43 3.48 2.52 1.56 2.61 2.66 2.71 2.76 3.81 3.85 2.88 3.91 0.93 3.96 3.98 2.99 4 1 0 0 0 0 0 0 0 0 0 0 0 0 0 0 0 0 0 0 0 0 0 0 0 0 0 0 0 0 0 0 0 0 0 0 0 0 0 0 0 0 0 0 0 0 0 0 0 
0 0 0 0 0 0 0 0 0 0 0 0 0 0 0 0 0 0 0 0 0 0 0 0 0 0 0 0 0 0 0 0 0 0 0 0 0 0 0 0 0 0 0 0 0 1 4 3.99 1.97 1.95 3.93 3.9 2.86 1.82 2.78 3.74 3.69 2.63 2.57 2.51 2.45 1.39 2.34 2.29 3.24 3.19 3.14 3.09 3.04 2.99 0.94 2.9 3.86 3.82 3.78 2.74 1.71 3.69 1.67 3.66 2.65 3.65 3.65 3.65 3.65 3.65 3.65 3.65 2.65 3.66 1.67 3.69 1.71 2.74 3.78 3.82 3.86 2.9 0.94 2.99 3.04 3.09 3.14 3.19 3.24 2.29 2.34 1.39 2.45 2.51 2.57 2.63 3.69 3.74 2.78 1.82 2.86 3.9 3.93 1.95 1.97 3.99 4 1 0 0 0 0 0 0 0 0 0 0 0 0 0 0 0 0 0 0 0 0 0 0 0 0 0 0 0 0 0 0 0 0 0 0 0 0 0 0 0 0 0 0 0 0 0 
0 0 0 0 0 0 0 0 0 0 0 0 0 0 0 0 0 0 0 0 0 0 0 0 0 0 0 0 0 0 0 0 0 0 0 0 0 0 0 0 0 0 0 1 4 3.99 1.97 3.95 2.92 3.89 1.85 3.81 2.76 3.71 0.65 3.6 3.54 2.47 2.4 2.33 2.26 1.19 3.13 3.07 3.01 2.95 2.89 2.83 2.77 1.71 3.66 3.61 3.56 3.51 3.46 0.41 3.38 1.35 3.33 3.31 0.29 3.29 3.29 3.29 3.29 3.29 3.29 3.29 0.29 3.31 3.33 1.35 3.38 0.41 3.46 3.51 3.56 3.61 3.66 1.71 2.77 2.83 2.89 2.95 3.01 3.07 3.13 1.19 2.26 2.33 2.4 2.47 3.54 3.6 0.65 3.71 2.76 3.81 1.85 3.89 2.92 3.95 1.97 3.99 4 1 0 0 0 0 0 0 0 0 0 0 0 0 0 0 0 0 0 0 0 0 0 0 0 0 0 0 0 0 0 0 0 0 0 0 0 0 0 0 0 0 0 0 0 
0 0 0 0 0 0 0 0 0 0 0 0 0 0 0 0 0 0 0 0 0 0 0 0 0 0 0 0 0 0 0 0 0 0 0 0 0 0 0 0 0 1 4 3.99 1.97 3.95 3.92 1.88 1.84 3.8 3.75 1.69 2.63 3.57 2.5 2.43 3.36 2.28 2.2 3.12 3.04 2.96 0.88 2.81 3.74 3.67 3.6 3.53 3.46 2.39 3.33 3.27 3.21 3.15 2.09 2.04 2 3.97 3.94 1.91 2.89 1.88 3.88 3.88 3.88 3.88 3.88 1.88 2.89 1.91 3.94 3.97 2 2.04 2.09 3.15 3.21 3.27 3.33 2.39 3.46 3.53 3.6 3.67 3.74 2.81 0.88 2.96 3.04 3.12 2.2 2.28 3.36 2.43 2.5 3.57 2.63 1.69 3.75 3.8 1.84 1.88 3.92 3.95 1.97 3.99 4 1 0 0 0 0 0 0 0 0 0 0 0 0 0 0 0 0 0 0 0 0 0 0 0 0 0 0 0 0 0 0 0 0 0 0 0 0 0 0 0 0 0 
0 0 0 0 0 0 0 0 0 0 0 0 0 0 0 0 0 0 0 0 0 0 0 0 0 0 0 0 0 0 0 0 0 0 0 0 0 0 0 1 4 3.99 1.97 3.95 3.92 1.88 3.84 2.79 3.74 1.68 3.62 3.55 0.47 3.4 3.32 0.23 3.15 3.06 3.97 0.87 2.78 3.69 3.6 3.51 1.42 2.34 3.26 3.18 3.1 2.02 3.95 3.88 3.81 3.74 0.67 3.62 2.57 3.53 1.49 3.46 0.43 3.42 2.41 3.41 3.41 3.41 2.41 3.42 0.43 3.46 1.49 3.53 2.57 3.62 0.67 3.74 3.81 3.88 3.95 2.02 3.1 3.18 3.26 2.34 1.42 3.51 3.6 3.69 2.78 0.87 3.97 3.06 3.15 0.23 3.32 3.4 0.47 3.55 3.62 1.68 3.74 2.79 3.84 1.88 3.92 3.95 1.97 3.99 4 1 0 0 0 0 0 0 0 0 0 0 0 0 0 0 0 0 0 0 0 0 0 0 0 0 0 0 0 0 0 0 0 0 0 0 0 0 0 0 0 
0 0 0 0 0 0 0 0 0 0 0 0 0 0 0 0 0 0 0 0 0 0 0 0 0 0 0 0 0 0 0 0 0 0 0 0 0 1 3 2.99 0.97 2.95 3.92 1.88 3.84 3.79 1.73 1.67 3.61 3.54 1.46 3.38 2.29 1.2 3.11 3.01 3.91 0.8 3.7 3.59 2.48 0.37 3.27 0.16 1.06 3.97 0.87 2.78 3.69 3.6 1.51 2.43 2.35 1.27 2.2 3.14 2.08 2.03 3.99 2.95 3.92 3.9 0.88 3.88 3.88 3.88 0.88 3.9 3.92 2.95 3.99 2.03 2.08 3.14 2.2 1.27 2.35 2.43 1.51 3.6 3.69 2.78 0.87 3.97 1.06 0.16 3.27 0.37 2.48 3.59 3.7 0.8 3.91 3.01 3.11 1.2 2.29 3.38 1.46 3.54 3.61 1.67 1.73 3.79 3.84 1.88 3.92 2.95 0.97 2.99 3 1 0 0 0 0 0 0 0 0 0 0 0 0 0 0 0 0 0 0 0 0 0 0 0 0 0 0 0 0 0 0 0 0 0 0 0 0 0 
0 0 0 0 0 0 0 0 0 0 0 0 0 0 0 0 0 0 0 0 0 0 0 0 0 0 0 0 0 0 0 0 0 0 0 0 2 0.99 2.98 3.96 3.93 2.89 0.84 2.79 0.73 2.67 1.6 3.53 1.45 3.37 3.28 1.18 2.08 3.98 3.87 2.75 1.63 2.51 3.39 0.26 2.14 3.02 2.9 3.78 1.66 2.55 3.44 3.33 1.22 3.12 2.02 3.93 3.84 2.75 2.67 3.6 2.53 2.47 3.42 2.37 0.33 3.31 3.29 2.28 3.28 2.28 3.29 3.31 0.33 2.37 3.42 2.47 2.53 3.6 2.67 2.75 3.84 3.93 2.02 3.12 1.22 3.33 3.44 2.55 1.66 3.78 2.9 3.02 2.14 0.26 3.39 2.51 1.63 2.75 3.87 3.98 2.08 1.18 3.28 3.37 1.45 3.53 1.6 2.67 0.73 2.79 0.84 2.89 3.93 3.96 2.98 0.99 2 0 0 0 0 0 0 0 0 0 0 0 0 0 0 0 0 0 0 0 0 0 0 0 0 0 0 0 0 0 0 0 0 0 0 0 0 
0 0 0 0 0 0 0 0 0 0 0 0 0 0 0 0 0 0 0 0 0 0 0 0 0 0 0 0 0 0 0 0 0 0 0 3 2.99 3.97 2.94 0.9 2.86 3.81 3.75 1.68 3.61 1.53 3.45 1.36 3.27 1.17 3.07 3.96 2.84 3.72 3.59 0.45 3.32 2.18 2.04 2.9 2.76 2.62 2.48 0.34 2.21 2.08 1.95 0.82 2.7 1.58 3.47 2.36 3.26 2.16 3.07 3.99 2.91 2.84 3.78 0.72 2.68 3.65 0.62 2.61 3.61 2.61 0.62 3.65 2.68 0.72 3.78 2.84 2.91 3.99 3.07 2.16 3.26 2.36 3.47 1.58 2.7 0.82 1.95 2.08 2.21 0.34 2.48 2.62 2.76 2.9 2.04 2.18 3.32 0.45 3.59 3.72 2.84 3.96 3.07 1.17 3.27 1.36 3.45 1.53 3.61 1.68 3.75 3.81 2.86 0.9 2.94 3.97 2.99 3 0 0 0 0 0 0 0 0 0 0 0 0 0 0 0 0 0 0 0 0 0 0 0 0 0 0 0 0 0 0 0 0 0 0 0 
0 0 0 0 0 0 0 0 0 0 0 0 0 0 0 0 0 0 0 0 0 0 0 0 0 0 0 0 0 0 0 0 0 0 4 0.98 3.96 0.92 2.88 3.83 2.77 0.7 2.63 3.55 1.46 3.37 1.27 3.17 2.06 3.95 3.83 3.7 2.56 3.42 2.27 3.12 3.97 2.81 2.65 2.49 2.33 2.17 1.01 3.86 3.71 3.56 3.41 2.26 3.12 1.98 3.85 0.72 3.61 3.5 0.39 3.3 2.21 2.13 2.06 3 2.95 2.91 2.88 0.86 3.86 0.86 2.88 2.91 2.95 3 2.06 2.13 2.21 3.3 0.39 3.5 3.61 0.72 3.85 1.98 3.12 2.26 3.41 3.56 3.71 3.86 1.01 2.17 2.33 2.49 2.65 2.81 3.97 3.12 2.27 3.42 2.56 3.7 3.83 3.95 2.06 3.17 1.27 3.37 1.46 3.55 2.63 0.7 2.77 3.83 2.88 0.92 3.96 0.98 4 0 0 0 0 0 0 0 0 0 0 0 0 0 0 0 0 0 0 0 0 0 0 0 0 0 0 0 0 0 0 0 0 0 0 
0 0 0 0 0 0 0 0 0 0 0 0 0 0 0 0 0 0 0 0 0 0 0 0 0 0 0 0 0 0 0 0 0 4 2.98 3.95 2.91 3.86 2.8 0.73 2.66 3.58 3.49 1.39 3.29 1.18 3.07 2.95 1.82 3.69 3.55 3.4 2.24 3.08 1.91 2.74 3.57 2.39 3.21 3.03 3.85 3.67 3.49 1.31 3.14 3.97 3.8 2.63 3.47 3.31 0.15 2.01 1.88 3.76 3.64 3.53 3.43 3.34 3.26 3.19 3.13 2.08 3.05 3.03 1.02 3.03 3.05 2.08 3.13 3.19 3.26 3.34 3.43 3.53 3.64 3.76 1.88 2.01 0.15 3.31 3.47 2.63 3.8 3.97 3.14 1.31 3.49 3.67 3.85 3.03 3.21 2.39 3.57 2.74 1.91 3.08 2.24 3.4 3.55 3.69 1.82 2.95 3.07 1.18 3.29 1.39 3.49 3.58 2.66 0.73 2.8 3.86 2.91 3.95 2.98 4 0 0 0 0 0 0 0 0 0 0 0 0 0 0 0 0 0 0 0 0 0 0 0 0 0 0 0 0 0 0 0 0 0 
0 0 0 0 0 0 0 0 0 0 0 0 0 0 0 0 0 0 0 0 0 0 0 0 0 0 0 0 0 0 0 0 4 3.98 2.94 0.89 3.84 0.77 2.7 3.62 3.53 2.43 0.32 2.21 1.09 3.97 3.84 3.7 3.55 1.39 3.23 3.06 1.88 3.7 3.51 0.31 3.12 3.92 0.71 3.51 0.3 2.1 2.9 3.7 2.5 0.3 2.11 1.92 3.74 3.56 1.38 3.22 3.07 3.93 2.79 0.66 2.55 3.45 3.36 3.28 3.21 0.15 3.12 3.1 2.09 3.1 3.12 0.15 3.21 3.28 3.36 3.45 2.55 0.66 2.79 3.93 3.07 3.22 1.38 3.56 3.74 1.92 2.11 0.3 2.5 3.7 2.9 2.1 0.3 3.51 0.71 3.92 3.12 0.31 3.51 3.7 1.88 3.06 3.23 1.39 3.55 3.7 3.84 3.97 1.09 2.21 0.32 2.43 3.53 3.62 2.7 0.77 3.84 0.89 2.94 3.98 4 0 0 0 0 0 0 0 0 0 0 0 0 0 0 0 0 0 0 0 0 0 0 0 0 0 0 0 0 0 0 0 0 
0 0 0 0 0 0 0 0 0 0 0 0 0 0 0 0 0 0 0 0 0 0 0 0 0 0 0 0 0 0 0 4 3.98 3.94 0.88 2.82 2.75 3.67 3.58 2.48 0.37 2.26 3.14 3.01 2.87 0.72 2.57 3.41 3.24 3.06 0.87 2.68 3.48 1.27 3.06 2.84 3.62 1.39 2.16 1.93 2.7 2.47 2.24 1.01 2.79 3.57 3.35 2.13 1.92 3.72 2.52 0.33 2.16 4 1.84 3.7 3.57 2.45 3.35 3.26 2.18 2.12 2.08 3.06 2.05 3.06 2.08 2.12 2.18 3.26 3.35 2.45 3.57 3.7 1.84 4 2.16 0.33 2.52 3.72 1.92 2.13 3.35 3.57 2.79 1.01 2.24 2.47 2.7 1.93 2.16 1.39 3.62 2.84 3.06 1.27 3.48 2.68 0.87 3.06 3.24 3.41 2.57 0.72 2.87 3.01 3.14 2.26 0.37 2.48 3.58 3.67 2.75 2.82 0.88 3.94 3.98 4 0 0 0 0 0 0 0 0 0 0 0 0 0 0 0 0 0 0 0 0 0 0 0 0 0 0 0 0 0 0 0 
0 0 0 0 0 0 0 0 0 0 0 0 0 0 0 0 0 0 0 0 0 0 0 0 0 0 0 0 0 0 4 3.98 3.94 2.88 3.81 3.73 2.64 2.54 0.43 2.32 3.2 3.07 2.93 3.78 3.62 3.45 2.27 0.08 1.89 2.69 3.48 3.26 2.03 3.8 3.56 2.31 2.06 3.81 2.55 3.29 3.03 2.77 3.51 2.25 4 3.75 3.5 2.25 2.01 1.78 2.56 3.35 3.15 2.96 1.78 3.62 3.47 0.33 3.22 3.12 1.03 3.97 0.92 3.9 2.89 3.9 0.92 3.97 1.03 3.12 3.22 0.33 3.47 3.62 1.78 2.96 3.15 3.35 2.56 1.78 2.01 2.25 3.5 3.75 4 2.25 3.51 2.77 3.03 3.29 2.55 3.81 2.06 2.31 3.56 3.8 2.03 3.26 3.48 2.69 1.89 0.08 2.27 3.45 3.62 3.78 2.93 3.07 3.2 2.32 0.43 2.54 2.64 3.73 3.81 2.88 3.94 3.98 4 0 0 0 0 0 0 0 0 0 0 0 0 0 0 0 0 0 0 0 0 0 0 0 0 0 0 0 0 0 0 
0 0 0 0 0 0 0 0 0 0 0 0 0 0 0 0 0 0 0 0 0 0 0 0 0 0 0 0 0 4 3.98 3.94 3.88 2.8 2.71 0.61 3.51 0.39 2.27 2.14 3 2.85 3.69 0.51 2.33 2.14 2.94 3.73 3.51 3.28 3.04 2.79 1.53 3.27 3 1.72 1.44 3.16 3.87 0.57 2.28 3.99 0.69 2.4 1.11 2.83 3.55 3.27 3 3.74 3.49 3.25 3.02 1.8 3.6 1.41 1.24 2.09 1.96 3.85 1.75 2.68 3.63 3.6 3.59 3.6 3.63 2.68 1.75 3.85 1.96 2.09 1.24 1.41 3.6 1.8 3.02 3.25 3.49 3.74 3 3.27 3.55 2.83 1.11 2.4 0.69 3.99 2.28 0.57 3.87 3.16 1.44 1.72 3 3.27 1.53 2.79 3.04 3.28 3.51 3.73 2.94 2.14 2.33 0.51 3.69 2.85 3 2.14 2.27 0.39 3.51 0.61 2.71 2.8 3.88 3.94 3.98 4 0 0 0 0 0 0 0 0 0 0 0 0 0 0 0 0 0 0 0 0 0 0 0 0 0 0 0 0 0 
0 0 0 0 0 0 0 0 0 0 0 0 0 0 0 0 0 0 0 0 0 0 0 0 0 0 0 0 4 3.98 3.94 3.88 3.8 2.7 0.59 2.48 2.36 3.23 3.09 3.94 0.77 2.6 3.42 2.22 1.01 3.8 2.57 2.33 2.08 2.82 2.55 3.27 2.98 0.68 2.38 2.07 3.76 3.44 2.11 2.78 2.45 3.12 3.79 3.46 2.13 3.81 3.49 0.17 3.87 0.57 2.29 3.02 3.76 2.51 1.28 2.07 2.88 3.71 3.56 2.43 1.32 3.24 3.18 1.14 3.13 1.14 3.18 3.24 1.32 2.43 3.56 3.71 2.88 2.07 1.28 2.51 3.76 3.02 2.29 0.57 3.87 0.17 3.49 3.81 2.13 3.46 3.79 3.12 2.45 2.78 2.11 3.44 3.76 2.07 2.38 0.68 2.98 3.27 2.55 2.82 2.08 2.33 2.57 3.8 1.01 2.22 3.42 2.6 0.77 3.94 3.09 3.23 2.36 2.48 0.59 2.7 3.8 3.88 3.94 3.98 4 0 0 0 0 0 0 0 0 0 0 0 0 0 0 0 0 0 0 0 0 0 0 0 0 0 0 0 0 
0 0 0 0 0 0 0 0 0 0 0 0 0 0 0 0 0 0 0 0 0 0 0 0 0 0 0 4 3.98 3.94 3.88 3.8 3.7 0.58 2.46 2.33 2.19 2.04 2.88 3.71 2.52 0.32 3.12 3.9 1.66 3.42 2.16 2.89 3.61 0.31 3.01 0.69 2.37 3.04 2.7 1.35 3 3.64 2.27 1.9 3.53 0.15 1.78 2.41 3.04 1.67 2.31 3.96 0.61 3.28 3.96 3.65 1.35 0.07 3.82 2.58 2.36 1.16 1.99 3.85 3.73 1.63 1.56 3.52 0.5 3.52 1.56 1.63 3.73 3.85 1.99 1.16 2.36 2.58 3.82 0.07 1.35 3.65 3.96 3.28 0.61 3.96 2.31 1.67 3.04 2.41 1.78 0.15 3.53 1.9 2.27 3.64 3 1.35 2.7 3.04 2.37 0.69 3.01 0.31 3.61 2.89 2.16 3.42 1.66 3.9 3.12 0.32 2.52 3.71 2.88 2.04 2.19 2.33 2.46 0.58 3.7 3.8 3.88 3.94 3.98 4 0 0 0 0 0 0 0 0 0 0 0 0 0 0 0 0 0 0 0 0 0 0 0 0 0 0 0 
0 0 0 0 0 0 0 0 0 0 0 0 0 0 0 0 0 0 0 0 0 0 0 0 0 0 4 3.98 3.94 3.88 3.8 3.7 2.58 3.45 3.31 2.16 2 3.83 0.64 3.45 2.24 3.02 3.79 3.54 1.27 4 3.71 0.4 3.09 2.76 3.42 1.06 1.7 2.33 2.95 3.56 3.16 1.75 2.34 3.93 2.51 3.09 3.67 3.25 2.83 1.41 2.70006e-13 3.61 3.22 2.84 0.47 1.12 2.79 3.48 3.19 3.92 3.67 2.44 0.24 2.08 3.95 2.84 2.76 2.71 1.69 2.71 2.76 2.84 3.95 2.08 0.24 2.44 3.67 3.92 3.19 3.48 2.79 1.12 0.47 2.84 3.22 3.61 2.80664e-13 1.41 2.83 3.25 3.67 3.09 2.51 3.93 2.34 1.75 3.16 3.56 2.95 2.33 1.7 1.06 3.42 2.76 3.09 0.4 3.71 4 1.27 3.54 3.79 3.02 2.24 3.45 0.64 3.83 2 2.16 3.31 3.45 2.58 3.7 3.8 3.88 3.94 3.98 4 0 0 0 0 0 0 0 0 0 0 0 0 0 0 0 0 0 0 0 0 0 0 0 0 0 0 
0 0 0 0 0 0 0 0 0 0 0 0 0 0 0 0 0 0 0 0 0 0 0 0 0 4 3.98 3.94 3.88 3.8 3.7 3.58 2.44 2.29 0.13 3.97 3.79 1.59 2.38 1.16 2.93 1.68 3.42 3.14 1.84 1.53 3.21 2.87 3.52 2.15 3.77 1.37 3.97 2.55 3.12 2.68 2.23 0.77 1.31 2.85 2.38 3.91 1.43 2.96 3.49 3.02 3.56 3.11 3.67 2.24 3.83 2.43 1.05 2.7 3.37 2.06 3.78 1.52 3.3 2.11 2.96 3.84 3.75 1.69 1.67 1.69 3.75 3.84 2.96 2.11 3.3 1.52 3.78 2.06 3.37 2.7 1.05 2.43 3.83 2.24 3.67 3.11 3.56 3.02 3.49 2.96 1.43 3.91 2.38 2.85 1.31 0.77 2.23 2.68 3.12 2.55 3.97 1.37 3.77 2.15 3.52 2.87 3.21 1.53 1.84 3.14 3.42 1.68 2.93 1.16 2.38 1.59 3.79 3.97 0.13 2.29 2.44 3.58 3.7 3.8 3.88 3.94 3.98 4 0 0 0 0 0 0 0 0 0 0 0 0 0 0 0 0 0 0 0 0 0 0 0 0 0 
0 0 0 0 0 0 0 0 0 0 0 0 0 0 0 0 0 0 0 0 0 0 0 0 4 3.98 3.94 3.88 3.8 3.7 3.58 3.44 2.28 0.11 3.94 1.75 3.55 3.33 0.09 3.85 3.59 3.31 1.01 2.7 3.37 2.02 2.66 1.28 2.89 3.48 1.05 1.61 3.16 3.69 0.2 1.71 2.21 2.7 1.18 2.66 2.13 3.6 1.06 2.53 3 2.47 2.95 2.44 0.94 2.46 4 3.55 2.12 3.72 2.34 2.99 2.67 2.38 3.13 0.91 3.74 2.6 2.5 3.44 3.42 3.44 2.5 2.6 3.74 0.91 3.13 2.38 2.67 2.99 2.34 3.72 2.12 3.55 4 2.46 0.94 2.44 2.95 2.47 3 2.53 1.06 3.6 2.13 2.66 1.18 2.7 2.21 1.71 0.2 3.69 3.16 1.61 1.05 3.48 2.89 1.28 2.66 2.02 3.37 2.7 1.01 3.31 3.59 3.85 0.09 3.33 3.55 1.75 3.94 0.11 2.28 3.44 3.58 3.7 3.8 3.88 3.94 3.98 4 0 0 0 0 0 0 0 0 0 0 0 0 0 0 0 0 0 0 0 0 0 0 0 0 
0 0 0 0 0 0 0 0 0 0 0 0 0 0 0 0 0 0 0 0 0 0 0 4 3.98 3.94 3.88 3.8 3.7 3.58 3.44 3.28 0.1 3.92 1.72 3.51 1.28 3.04 3.78 1.5 3.21 2.9 3.57 3.22 2.85 1.46 3.06 2.64 2.2 0.74 3.27 3.78 3.27 1.74 2.2 2.65 3.09 3.52 3.94 3.35 1.75 2.15 3.55 3.95 3.35 1.75 0.16 2.59 3.03 0.48 3.96 2.45 3.97 2.51 3.08 1.68 3.32 0.99 3.71 1.46 2.26 1.1 2.99 1.92 3.9 1.92 2.99 1.1 2.26 1.46 3.71 0.99 3.32 1.68 3.08 2.51 3.97 2.45 3.96 0.48 3.03 2.59 0.16 1.75 3.35 3.95 3.55 2.15 1.75 3.35 3.94 3.52 3.09 2.65 2.2 1.74 3.27 3.78 3.27 0.74 2.2 2.64 3.06 1.46 2.85 3.22 3.57 2.9 3.21 1.5 3.78 3.04 1.28 3.51 1.72 3.92 0.1 3.28 3.44 3.58 3.7 3.8 3.88 3.94 3.98 4 0 0 0 0 0 0 0 0 0 0 0 0 0 0 0 0 0 0 0 0 0 0 0 
0 0 0 0 0 0 0 0 0 0 0 0 0 0 0 0 0 0 0 0 0 0 4 3.98 3.94 3.88 3.8 3.7 3.58 3.44 3.28 2.1 3.91 1.7 3.48 1.24 2.99 2.72 3.43 3.12 0.79 3.45 2.08 2.69 2.28 2.85 0.4 3.94 3.45 3.94 3.41 2.86 3.29 1.7 3.1 1.48 1.85 2.21 2.56 2.9 3.23 1.55 1.87 0.19 2.52 2.85 3.19 2.54 3.91 3.29 2.69 0.11 3.57 3.05 2.56 3.11 2.7 2.33 3.01 2.73 2.5 3.32 3.19 2.11 0.08 2.11 3.19 3.32 2.5 2.73 3.01 2.33 2.7 3.11 2.56 3.05 3.57 0.11 2.69 3.29 3.91 2.54 3.19 2.85 2.52 0.19 1.87 1.55 3.23 2.9 2.56 2.21 1.85 1.48 3.1 1.7 3.29 2.86 3.41 3.94 3.45 3.94 0.4 2.85 2.28 2.69 2.08 3.45 0.79 3.12 3.43 2.72 2.99 1.24 3.48 1.7 3.91 2.1 3.28 3.44 3.58 3.7 3.8 3.88 3.94 3.98 4 0 0 0 0 0 0 0 0 0 0 0 0 0 0 0 0 0 0 0 0 0 0 
0 0 0 0 0 0 0 0 0 0 0 0 0 0 0 0 0 0 0 0 0 4 3.98 3.94 3.88 3.8 3.7 3.58 3.44 3.28 3.1 1.9 3.69 3.46 1.21 2.95 2.67 3.37 0.04 1.7 2.34 3.96 3.55 0.11 2.66 0.18 3.69 3.17 1.62 2.05 1.46 2.85 0.21 2.56 2.89 3.2 1.49 1.77 2.04 2.3 3.55 3.79 1.02 3.26 3.5 0.74 4 0.26 3.55 3.85 3.17 3.52 2.9 3.31 0.75 1.24 3.78 1.36 4 1.68 3.42 1.21 0.06 3.98 3.95 3.98 0.06 1.21 3.42 1.68 4 1.36 3.78 1.24 0.75 3.31 2.9 3.52 3.17 3.85 3.55 0.26 4 0.74 3.5 3.26 1.02 3.79 3.55 2.3 2.04 1.77 1.49 3.2 2.89 2.56 0.21 2.85 1.46 2.05 1.62 3.17 3.69 0.18 2.66 0.11 3.55 3.96 2.34 1.7 0.04 3.37 2.67 2.95 1.21 3.46 3.69 1.9 3.1 3.28 3.44 3.58 3.7 3.8 3.88 3.94 3.98 4 0 0 0 0 0 0 0 0 0 0 0 0 0 0 0 0 0 0 0 0 0 
0 0 0 0 0 0 0 0 0 0 0 0 0 0 0 0 0 0 0 0 4 3.98 3.94 3.88 3.8 3.7 3.58 3.44 3.28 3.1 2.9 2.68 0.44 2.19 2.92 2.63 2.32 3.99 3.63 3.25 3.85 1.42 2.97 2.49 3.99 3.46 3.91 3.33 3.72 0.08 3.43 3.75 3.04 2.31 2.56 2.79 4 2.19 2.37 3.54 0.69 2.84 2.98 3.12 2.26 3.41 3.57 2.74 3.93 1.13 0.36 3.63 3.93 3.26 2.63 2.05 0.52 2.05 3.64 3.28 1.98 3.75 2.58 3.48 0.44 3.48 2.58 3.75 1.98 3.28 3.64 2.05 0.52 2.05 2.63 3.26 3.93 3.63 0.36 1.13 3.93 2.74 3.57 3.41 2.26 3.12 2.98 2.84 0.69 3.54 2.37 2.19 4 2.79 2.56 2.31 3.04 3.75 3.43 0.08 3.72 3.33 3.91 3.46 3.99 2.49 2.97 1.42 3.85 3.25 3.63 3.99 2.32 2.63 2.92 2.19 0.44 2.68 2.9 3.1 3.28 3.44 3.58 3.7 3.8 3.88 3.94 3.98 4 0 0 0 0 0 0 0 0 0 0 0 0 0 0 0 0 0 0 0 0 
0 0 0 0 0 0 0 0 0 0 0 0 0 0 0 0 0 0 0 4 3.98 3.94 3.88 3.8 3.7 3.58 3.44 3.28 3.1 2.9 2.68 3.44 3.18 2.9 2.6 2.28 3.94 3.57 2.17 1.75 3.31 3.84 3.34 3.81 3.25 0.66 2.05 3.41 0.73 3.03 3.3 3.54 1.75 3.94 2.1 3.24 0.35 2.45 1.53 3.6 3.65 3.69 2.72 2.75 1.78 1.82 0.87 3.94 3.02 3.12 3.25 0.41 3.62 1.86 1.15 3.5 2.9 2.36 3.89 2.48 1.14 2.88 3.69 2.57 2.53 2.57 3.69 2.88 1.14 2.48 3.89 2.36 2.9 3.5 1.15 1.86 3.62 0.41 3.25 3.12 3.02 3.94 0.87 1.82 1.78 2.75 2.72 3.69 3.65 3.6 1.53 2.45 0.35 3.24 2.1 3.94 1.75 3.54 3.3 3.03 0.73 3.41 2.05 0.66 3.25 3.81 3.34 3.84 3.31 1.75 2.17 3.57 3.94 2.28 2.6 2.9 3.18 3.44 2.68 2.9 3.1 3.28 3.44 3.58 3.7 3.8 3.88 3.94 3.98 4 0 0 0 0 0 0 0 0 0 0 0 0 0 0 0 0 0 0 0 
0 0 0 0 0 0 0 0 0 0 0 0 0 0 0 0 0 0 4 3.98 3.94 3.88 3.8 3.7 3.58 3.44 3.28 2.1 1.9 2.68 3.44 0.17 2.89 1.58 1.25 2.9 2.52 2.11 0.67 2.21 2.72 2.2 3.65 2.06 0.44 3.8 2.12 3.41 2.66 3.88 2.06 0.21 3.34 0.43 2.5 3.54 3.55 3.54 3.51 3.46 2.39 2.31 2.22 3.13 2.04 2.96 3.89 2.83 3.79 1.77 3.79 1.84 2.94 1.08 2.28 3.54 3.86 1.24 1.7 3.24 3.86 3.56 3.34 0.2 3.16 0.2 3.34 3.56 3.86 3.24 1.7 1.24 3.86 3.54 2.28 1.08 2.94 1.84 3.79 1.77 3.79 2.83 3.89 2.96 2.04 3.13 2.22 2.31 2.39 3.46 3.51 3.54 3.55 3.54 2.5 0.43 3.34 0.21 2.06 3.88 2.66 3.41 2.12 3.8 0.44 2.06 3.65 2.2 2.72 2.21 0.67 2.11 2.52 2.9 1.25 1.58 2.89 0.17 3.44 2.68 1.9 2.1 3.28 3.44 3.58 3.7 3.8 3.88 3.94 3.98 4 0 0 0 0 0 0 0 0 0 0 0 0 0 0 0 0 0 0 
0 0 0 0 0 0 0 0 0 0 0 0 0 0 0 0 0 4 3.98 3.94 3.88 3.8 3.7 2.58 2.44 2.28 0.1 3.91 3.69 0.44 3.18 2.89 3.58 2.24 3.88 3.49 3.07 3.62 3.14 3.63 0.08 3.51 2.9 1.25 1.57 2.86 3.11 3.32 3.49 2.62 1.71 2.77 3.8 2.79 3.75 1.67 0.56 1.43 3.28 2.1 1.9 3.69 1.46 0.23 3.01 2.79 3.58 2.38 1.2 1.05 1.94 2.87 3.85 3.88 3.97 1.12 3.35 3.65 2.03 0.5 3.07 3.73 2.48 3.33 2.28 3.33 2.48 3.73 3.07 0.5 2.03 3.65 3.35 1.12 3.97 3.88 3.85 2.87 1.94 1.05 1.2 2.38 3.58 2.79 3.01 0.23 1.46 3.69 1.9 2.1 3.28 1.43 0.56 1.67 3.75 2.79 3.8 2.77 1.71 2.62 3.49 3.32 3.11 2.86 1.57 1.25 2.9 3.51 0.08 3.63 3.14 3.62 3.07 3.49 3.88 2.24 3.58 2.89 3.18 0.44 3.69 3.91 0.1 2.28 2.44 2.58 3.7 3.8 3.88 3.94 3.98 4 0 0 0 0 0 0 0 0 0 0 0 0 0 0 0 0 0 
0 0 0 0 0 0 0 0 0 0 0 0 0 0 0 0 4 3.98 3.94 2.88 2.8 2.7 0.58 3.45 2.29 0.11 3.92 1.7 3.46 2.19 2.9 1.58 2.24 2.87 2.47 2.04 3.58 0.08 3.56 4 3.4 0.76 3.09 3.38 2.63 1.84 3.01 1.13 1.21 3.25 2.24 0.19 2.11 2.99 2.83 3.63 2.39 1.12 2.83 3.51 1.16 2.8 1.42 2.04 2.66 2.28 1.91 3.56 3.23 2.93 3.67 1.45 2.29 2.19 3.16 3.2 3.32 1.52 2.82 3.22 1.72 2.33 2.05 0.88 3.83 0.88 2.05 2.33 1.72 3.22 2.82 1.52 3.32 3.2 3.16 2.19 2.29 1.45 3.67 2.93 3.23 3.56 1.91 2.28 2.66 2.04 1.42 2.8 1.16 3.51 2.83 1.12 2.39 3.63 2.83 2.99 2.11 0.19 2.24 3.25 1.21 1.13 3.01 1.84 2.63 3.38 3.09 0.76 3.4 4 3.56 0.08 3.58 2.04 2.47 2.87 2.24 1.58 2.9 2.19 3.46 1.7 3.92 0.11 2.29 3.45 0.58 2.7 2.8 2.88 3.94 3.98 4 0 0 0 0 0 0 0 0 0 0 0 0 0 0 0 0 
0 0 0 0 0 0 0 0 0 0 0 0 0 0 0 4 2.98 2.94 0.88 3.81 2.71 0.59 2.46 3.31 0.13 3.94 1.72 3.48 1.21 2.92 2.6 1.25 3.88 2.47 2.03 3.56 2.05 3.51 2.93 0.31 3.66 3.96 0.21 1.43 3.61 3.74 3.82 3.85 3.83 2.76 1.64 3.48 1.27 1.02 3.73 2.39 3.01 2.59 2.14 2.66 2.15 2.62 1.07 3.52 2.96 2.4 1.85 1.32 2.82 3.35 2.92 3.54 2.22 1.97 2.8 2.71 3.71 1.8 1 3.32 2.75 0.3 3.99 2.8 3.74 2.8 3.99 0.3 2.75 3.32 1 1.8 3.71 2.71 2.8 1.97 2.22 3.54 2.92 3.35 2.82 1.32 1.85 2.4 2.96 3.52 1.07 2.62 2.15 2.66 2.14 2.59 3.01 2.39 3.73 1.02 1.27 3.48 1.64 2.76 3.83 3.85 3.82 3.74 3.61 1.43 0.21 3.96 3.66 0.31 2.93 3.51 2.05 3.56 2.03 2.47 3.88 1.25 2.6 2.92 1.21 3.48 1.72 3.94 0.13 3.31 2.46 0.59 2.71 3.81 0.88 2.94 2.98 4 0 0 0 0 0 0 0 0 0 0 0 0 0 0 0 
0 0 0 0 0 0 0 0 0 0 0 0 0 0 3 0.98 3.95 0.89 2.82 3.73 0.61 2.48 2.33 2.16 3.97 1.75 3.51 1.24 2.95 2.63 2.28 2.9 3.49 2.04 3.56 3.04 0.48 2.89 0.25 3.58 2.86 3.09 1.27 2.41 2.5 3.54 2.52 3.45 1.32 3.14 1.9 1.61 2.27 3.88 0.43 2.94 3.4 0.81 3.19 2.53 3.84 3.12 3.38 3.63 3.87 3.11 3.36 3.63 3.93 2.26 3.64 0.07 3.58 2.16 3.83 3.59 3.45 3.42 3.51 3.73 2.08 1.57 1.21 4 3.93 4 1.21 1.57 2.08 3.73 3.51 3.42 3.45 3.59 3.83 2.16 3.58 0.07 3.64 2.26 3.93 3.63 3.36 3.11 3.87 3.63 3.38 3.12 3.84 2.53 3.19 0.81 3.4 2.94 0.43 3.88 2.27 1.61 1.9 3.14 1.32 3.45 2.52 3.54 2.5 2.41 1.27 3.09 2.86 3.58 0.25 2.89 0.48 3.04 3.56 2.04 3.49 2.9 2.28 2.63 2.95 1.24 3.51 1.75 3.97 2.16 2.33 2.48 0.61 3.73 2.82 0.89 3.95 0.98 3 0 0 0 0 0 0 0 0 0 0 0 0 0 0 
0 0 0 0 0 0 0 0 0 0 0 0 0 2 2.99 3.96 2.91 3.84 2.75 2.64 3.51 2.36 2.19 2 3.79 3.55 1.28 2.99 2.67 2.32 3.94 2.52 3.07 3.58 2.05 0.48 3.88 3.23 1.53 1.79 3 0.15 3.26 3.31 1.3 3.24 0.11 1.93 3.69 2.38 3.01 3.58 3.09 3.54 3.93 2.26 2.54 3.77 2.95 3.09 2.19 3.26 1.3 3.33 0.34 3.36 1.38 0.42 3.5 2.61 1.77 4 2.3 3.69 2.17 3.76 2.46 3.29 1.25 0.36 3.63 2.05 3.64 2.39 3.31 2.39 3.64 2.05 3.63 0.36 1.25 3.29 2.46 3.76 2.17 3.69 2.3 4 1.77 2.61 3.5 0.42 1.38 3.36 0.34 3.33 1.3 3.26 2.19 3.09 2.95 3.77 2.54 2.26 3.93 3.54 3.09 3.58 3.01 2.38 3.69 1.93 0.11 3.24 1.3 3.31 3.26 0.15 3 1.79 1.53 3.23 3.88 0.48 2.05 3.58 3.07 2.52 3.94 2.32 2.67 2.99 1.28 3.55 3.79 2 2.19 2.36 3.51 2.64 2.75 3.84 2.91 3.96 2.99 2 0 0 0 0 0 0 0 0 0 0 0 0 0 
0 0 0 0 0 0 0 0 0 0 0 0 1 0.99 3.97 0.92 3.86 0.77 3.67 2.54 0.39 3.23 2.04 3.83 1.59 3.33 3.04 2.72 3.37 3.99 3.57 2.11 3.62 0.08 3.51 2.89 3.23 2.52 2.76 3.95 3.08 2.15 3.17 1.12 1.01 1.84 2.6 1.29 3.92 2.47 1.95 0.36 3.71 0.98 3.19 2.33 2.41 2.43 0.39 3.31 3.18 3.01 2.81 3.59 2.35 2.11 3.88 1.66 2.48 3.34 1.25 2.24 1.31 3.48 2.75 2.14 0.66 2.33 2.15 3.14 2.3 1.64 3.17 0.88 3.79 0.88 3.17 1.64 2.3 3.14 2.15 2.33 0.66 2.14 2.75 3.48 1.31 2.24 1.25 3.34 2.48 1.66 3.88 2.11 2.35 3.59 2.81 3.01 3.18 3.31 0.39 2.43 2.41 2.33 3.19 0.98 3.71 0.36 1.95 2.47 3.92 1.29 2.6 1.84 1.01 1.12 3.17 2.15 3.08 3.95 2.76 2.52 3.23 2.89 3.51 0.08 3.62 2.11 3.57 3.99 3.37 2.72 3.04 3.33 1.59 3.83 2.04 3.23 0.39 2.54 3.67 0.77 3.86 0.92 3.97 0.99 1 0 0 0 0 0 0 0 0 0 0 0 0 
0 0 0 0 0 0 0 0 0 0 0 0 3 2.98 2.94 2.88 2.8 2.7 3.58 0.43 2.27 3.09 2.88 0.64 2.38 0.09 3.78 3.43 0.04 3.63 2.17 0.67 3.14 3.56 2.93 0.25 1.53 2.76 2.93 2.04 3.09 0.07 4 2.85 2.63 3.34 2.97 1.52 2 2.4 2.72 2.96 3.12 3.2 1.2 2.13 2.99 3.78 3.5 2.16 2.77 1.33 2.86 3.36 3.84 2.31 3.79 2.28 3.81 2.38 0.01 2.73 3.54 2.45 1.48 2.65 3.97 3.45 0.1 2.95 1.99 3.24 3.7 3.37 3.26 3.37 3.7 3.24 1.99 2.95 0.1 3.45 3.97 2.65 1.48 2.45 3.54 2.73 0.01 2.38 3.81 2.28 3.79 2.31 3.84 3.36 2.86 1.33 2.77 2.16 3.5 3.78 2.99 2.13 1.2 3.2 3.12 2.96 2.72 2.4 2 1.52 2.97 3.34 2.63 2.85 4 0.07 3.09 2.04 2.93 2.76 1.53 0.25 2.93 3.56 3.14 0.67 2.17 3.63 0.04 3.43 3.78 0.09 2.38 0.64 2.88 3.09 2.27 0.43 3.58 2.7 2.8 2.88 2.94 2.98 3 0 0 0 0 0 0 0 0 0 0 0 0 
0 0 0 0 0 0 0 0 0 0 0 1 2.99 3.96 0.9 3.83 0.73 3.62 2.48 2.32 2.14 3.94 3.71 3.45 1.16 3.85 1.5 3.12 1.7 3.25 1.75 2.21 3.63 4 0.31 3.58 1.79 3.95 2.04 3.07 3.03 2.92 3.74 3.48 3.14 3.72 3.21 1.61 2.93 2.16 2.3 3.35 0.3 2.17 2.95 2.64 3.25 3.78 3.23 2.61 3.93 2.19 3.41 2.59 2.75 2.9 3.05 1.21 1.41 1.66 3.98 1.38 3.89 2.51 3.27 2.18 1.26 2.53 4 3.68 2.58 2.72 3.1 1.72 0.59 1.72 3.1 2.72 2.58 3.68 4 2.53 1.26 2.18 3.27 2.51 3.89 1.38 3.98 1.66 1.41 1.21 3.05 2.9 2.75 2.59 3.41 2.19 3.93 2.61 3.23 3.78 3.25 2.64 2.95 2.17 0.3 3.35 2.3 2.16 2.93 1.61 3.21 3.72 3.14 3.48 3.74 2.92 3.03 3.07 2.04 3.95 1.79 3.58 0.31 4 3.63 2.21 1.75 3.25 1.7 3.12 1.5 3.85 1.16 3.45 3.71 3.94 2.14 2.32 2.48 3.62 0.73 3.83 0.9 3.96 2.99 1 0 0 0 0 0 0 0 0 0 0 0 
0 0 0 0 0 0 0 0 0 0 0 4 0.97 3.93 2.86 2.77 2.66 3.53 0.37 3.2 3 0.77 2.52 2.24 2.93 3.59 3.21 0.79 2.34 3.85 3.31 2.72 0.08 3.4 3.66 2.86 3 3.08 3.09 3.03 0.89 3.68 1.38 2 1.53 2.97 3.31 3.55 0.69 3.74 2.68 3.52 2.25 1.88 3.41 0.83 1.16 2.4 2.55 3.62 1.61 3.54 3.41 0.23 1.03 3.82 3.6 2.39 3.22 3.1 1.05 3.1 2.26 1.55 3 3.62 3.43 2.45 2.7 3.19 0.93 3.95 3.24 3.81 1.66 3.81 3.24 3.95 0.93 3.19 2.7 2.45 3.43 3.62 3 1.55 2.26 3.1 1.05 3.1 3.22 2.39 3.6 3.82 1.03 0.23 3.41 3.54 1.61 3.62 2.55 2.4 1.16 0.83 3.41 1.88 2.25 3.52 2.68 3.74 0.69 3.55 3.31 2.97 1.53 2 1.38 3.68 0.89 3.03 3.09 3.08 3 2.86 3.66 3.4 0.08 2.72 3.31 3.85 2.34 0.79 3.21 3.59 2.93 2.24 2.52 0.77 3 3.2 0.37 3.53 2.66 2.77 2.86 3.93 0.97 4 0 0 0 0 0 0 0 0 0 0 0 
0 0 0 0 0 0 0 0 0 0 1 3.99 2.95 2.89 3.81 0.7 3.58 2.43 2.26 3.07 2.85 2.6 0.32 3.02 1.68 3.31 2.9 3.45 3.96 1.42 3.84 2.2 3.51 0.76 3.96 3.09 0.15 2.15 0.07 2.92 3.68 2.35 1.93 2.42 3.81 3.09 2.26 0.32 3.28 3.12 0.84 2.45 2.94 3.31 3.56 2.69 2.71 1.62 1.43 3.15 3.78 3.33 1.81 3.24 2.63 3 3.36 1.73 3.14 2.6 3.14 1.78 3.55 1.46 2.55 1.83 2.33 2.07 3.07 2.34 1.9 1.77 2.96 3.47 1.3 3.47 2.96 1.77 1.9 2.34 3.07 2.07 2.33 1.83 2.55 1.46 3.55 1.78 3.14 2.6 3.14 1.73 3.36 3 2.63 3.24 1.81 3.33 3.78 3.15 1.43 1.62 2.71 2.69 3.56 3.31 2.94 2.45 0.84 3.12 3.28 0.32 2.26 3.09 3.81 2.42 1.93 2.35 3.68 2.92 0.07 2.15 0.15 3.09 3.96 0.76 3.51 2.2 3.84 1.42 3.96 3.45 2.9 3.31 1.68 3.02 0.32 2.6 2.85 3.07 2.26 2.43 3.58 0.7 3.81 2.89 2.95 3.99 1 0 0 0 0 0 0 0 0 0 0 
0 0 0 0 0 0 0 0 0 0 4 1.97 3.92 0.84 3.75 2.63 3.49 0.32 3.14 2.93 3.69 3.42 3.12 3.79 3.42 1.01 3.57 2.08 3.55 2.97 3.34 3.65 2.9 3.09 0.21 1.27 3.26 3.17 4 3.74 1.38 1.93 1.38 3.73 2.96 2.07 2.06 1.93 3.68 0.29 3.78 2.13 3.35 3.43 2.37 3.18 3.86 3.41 2.84 2.16 2.38 2.51 3.56 3.54 2.47 3.37 1.25 3.15 3.08 1.06 2.13 2.31 3.63 2.11 3.79 1.68 0.82 3.24 3.95 2.97 2.32 1.02 2.09 3.53 3.34 3.53 2.09 1.02 2.32 2.97 3.95 3.24 0.82 1.68 3.79 2.11 3.63 2.31 2.13 1.06 3.08 3.15 1.25 3.37 2.47 3.54 3.56 2.51 2.38 2.16 2.84 3.41 3.86 3.18 2.37 3.43 3.35 2.13 3.78 0.29 3.68 1.93 2.06 2.07 2.96 3.73 1.38 1.93 1.38 3.74 4 3.17 3.26 1.27 0.21 3.09 2.9 3.65 3.34 2.97 3.55 2.08 3.57 1.01 3.42 3.79 3.12 3.42 3.69 2.93 3.14 0.32 3.49 2.63 3.75 0.84 3.92 1.97 4 0 0 0 0 0 0 0 0 0 0 
0 0 0 0 0 0 0 0 0 1 3.99 3.95 1.88 2.79 1.68 3.55 1.39 2.21 3.01 3.78 0.51 2.22 3.9 3.54 3.14 2.7 3.22 2.69 0.11 2.49 3.81 2.06 1.25 3.38 1.43 2.41 3.31 1.12 2.85 3.48 2 2.42 3.73 3.92 2.98 3.91 1.7 2.36 2.88 3.25 2.47 2.54 3.46 3.22 1.82 2.27 3.57 2.72 2.73 1.61 0.37 3.03 3.59 0.06 3.48 3.85 0.19 2.55 3.94 3.38 2.91 2.56 1.36 2.35 3.56 3.01 2.74 2.78 0.15 3.89 3 2.51 3.44 2.79 1.57 2.79 3.44 2.51 3 3.89 0.15 2.78 2.74 3.01 3.56 2.35 1.36 2.56 2.91 3.38 3.94 2.55 0.19 3.85 3.48 0.06 3.59 3.03 0.37 1.61 2.73 2.72 3.57 2.27 1.82 3.22 3.46 2.54 2.47 3.25 2.88 2.36 1.7 3.91 2.98 3.92 3.73 2.42 2 3.48 2.85 1.12 3.31 2.41 1.43 3.38 1.25 2.06 3.81 2.49 0.11 2.69 3.22 2.7 3.14 3.54 3.9 2.22 0.51 3.78 3.01 2.21 1.39 3.55 1.68 2.79 1.88 3.95 3.99 1 0 0 0 0 0 0 0 0 0 
0 0 0 0 0 0 0 0 0 4 1.97 3.92 3.84 0.73 3.61 1.46 3.29 1.09 2.87 3.62 2.33 1.01 1.66 1.27 1.84 3.37 2.85 2.28 2.66 3.99 3.25 0.44 1.57 2.63 3.61 2.5 1.3 1.01 2.63 3.14 1.53 3.81 2.96 2.98 3.86 2.59 2.17 3.6 3.87 2.97 2.9 2.66 3.25 3.66 3.89 3.94 0.81 3.52 0.06 3.46 2.71 1.83 2.84 3.75 3.58 3.35 3.09 2.83 3.6 1.42 2.34 3.39 1.6 1.02 3.69 1.63 2.89 3.5 3.49 3.89 2.72 3.01 3.78 2.03 2.78 2.03 3.78 3.01 2.72 3.89 3.49 3.5 2.89 1.63 3.69 1.02 1.6 3.39 2.34 1.42 3.6 2.83 3.09 3.35 3.58 3.75 2.84 1.83 2.71 3.46 0.06 3.52 0.81 3.94 3.89 3.66 3.25 2.66 2.9 2.97 3.87 3.6 2.17 2.59 3.86 2.98 2.96 3.81 1.53 3.14 2.63 1.01 1.3 2.5 3.61 2.63 1.57 0.44 3.25 3.99 2.66 2.28 2.85 3.37 1.84 1.27 1.66 1.01 2.33 3.62 2.87 1.09 3.29 1.46 3.61 0.73 3.84 3.92 1.97 4 0 0 0 0 0 0 0 0 0 
0 0 0 0 0 0 0 0 1 3.99 3.95 1.88 3.79 2.67 1.53 3.37 1.18 3.97 0.72 3.45 2.14 3.8 3.42 4 1.53 2.02 1.46 2.85 0.18 3.46 0.66 3.8 2.86 1.84 3.74 3.54 3.24 1.84 3.34 3.72 2.97 3.09 2.07 3.91 2.59 3.11 3.46 0.63 2.63 3.44 1.05 0.47 3.7 1.72 3.54 2.15 3.56 0.77 2.8 2.65 3.33 1.85 3.24 3.51 3.68 0.77 3.83 1.87 3.94 3.06 3.28 3.64 3.18 2.95 1.99 3.35 2.06 1.17 3.72 2.73 3.24 0.27 3.86 3 1.71 3 3.86 0.27 3.24 2.73 3.72 1.17 2.06 3.35 1.99 2.95 3.18 3.64 3.28 3.06 3.94 1.87 3.83 0.77 3.68 3.51 3.24 1.85 3.33 2.65 2.8 0.77 3.56 2.15 3.54 1.72 3.7 0.47 1.05 3.44 2.63 0.63 3.46 3.11 2.59 3.91 2.07 3.09 2.97 3.72 3.34 1.84 3.24 3.54 3.74 1.84 2.86 3.8 0.66 3.46 0.18 2.85 1.46 2.02 1.53 4 3.42 3.8 2.14 3.45 0.72 3.97 1.18 3.37 1.53 2.67 3.79 1.88 3.95 3.99 1 0 0 0 0 0 0 0 0 
0 0 0 0 0 0 0 0 4 1.97 3.92 3.84 1.73 1.6 3.45 1.27 3.07 3.84 2.57 2.27 2.94 2.57 2.16 3.71 3.21 2.66 3.06 0.4 3.69 3.91 2.05 2.12 3.11 3.01 3.82 2.52 0.11 2.6 2.97 3.21 3.31 2.26 2.06 1.7 2.17 3.46 3.56 3.46 3.16 3.65 3.92 3.97 0.79 3.39 1.75 3.88 1.77 3.44 2.89 3.13 3.17 1.02 0.71 1.26 2.69 1.02 3.3 2.55 3.82 3.14 2.56 2.13 0.9 3.93 0.25 3.94 1.02 3.56 3.59 1.15 3.29 3.03 3.4 2.41 3.08 2.41 3.4 3.03 3.29 1.15 3.59 3.56 1.02 3.94 0.25 3.93 0.9 2.13 2.56 3.14 3.82 2.55 3.3 1.02 2.69 1.26 0.71 1.02 3.17 3.13 2.89 3.44 1.77 3.88 1.75 3.39 0.79 3.97 3.92 3.65 3.16 3.46 3.56 3.46 2.17 1.7 2.06 2.26 3.31 3.21 2.97 2.6 0.11 2.52 3.82 3.01 3.11 2.12 2.05 3.91 3.69 0.4 3.06 2.66 3.21 3.71 2.16 2.57 2.94 2.27 2.57 3.84 3.07 1.27 3.45 1.6 1.73 3.84 3.92 1.97 4 0 0 0 0 0 0 0 0 
0 0 0 0 0 0 0 1 3.99 3.95 1.88 2.79 1.67 3.53 1.36 3.17 2.95 3.7 3.41 0.08 3.73 2.33 2.89 0.4 2.87 1.28 2.64 3.94 3.17 3.33 3.41 3.41 3.32 1.13 3.85 3.45 1.93 1.29 1.52 1.61 3.55 0.32 1.93 2.36 3.6 0.63 3.46 1.06 3.44 3.58 0.47 3.12 3.51 3.64 3.5 3.09 2.41 1.47 3.28 1.84 3.17 3.28 2.19 3.93 3.52 2.99 2.38 1.73 3.09 3.5 3.01 2.68 2.57 3.74 1.24 3.15 3.51 3.38 1.81 3.86 1.56 2.96 3.08 1.94 2.56 1.94 3.08 2.96 1.56 3.86 1.81 3.38 3.51 3.15 1.24 3.74 2.57 2.68 3.01 3.5 3.09 1.73 2.38 2.99 3.52 3.93 2.19 3.28 3.17 1.84 3.28 1.47 2.41 3.09 3.5 3.64 3.51 3.12 0.47 3.58 3.44 1.06 3.46 0.63 3.6 2.36 1.93 0.32 3.55 1.61 1.52 1.29 1.93 3.45 3.85 1.13 3.32 3.41 3.41 3.33 3.17 3.94 2.64 1.28 2.87 0.4 2.89 2.33 3.73 0.08 3.41 3.7 2.95 3.17 1.36 3.53 1.67 2.79 1.88 3.95 3.99 1 0 0 0 0 0 0 0 
0 0 0 0 0 0 0 4 1.97 2.92 1.84 3.74 3.61 1.45 3.27 2.06 1.82 3.55 3.24 1.89 3.51 2.08 3.61 3.09 3.52 2.89 2.2 3.45 1.62 3.72 0.73 2.66 3.49 1.21 3.83 1.32 3.69 3.92 2 2.93 0.69 3.28 3.68 2.88 3.87 2.63 3.16 3.44 1.46 1.22 3.71 1.91 0.82 3.44 3.75 3.75 3.44 3.83 0.92 2.73 1.26 2.54 3.58 0.4 3.05 3.55 2.94 3.27 2.59 3.96 3.43 3.07 3.95 2.13 2.69 3.7 3.22 3.32 1.06 2.51 2.71 2.71 2.54 3.23 2.79 3.23 2.54 2.71 2.71 2.51 1.06 3.32 3.22 3.7 2.69 2.13 3.95 3.07 3.43 3.96 2.59 3.27 2.94 3.55 3.05 0.4 3.58 2.54 1.26 2.73 0.92 3.83 3.44 3.75 3.75 3.44 0.82 1.91 3.71 1.22 1.46 3.44 3.16 2.63 3.87 2.88 3.68 3.28 0.69 2.93 2 3.92 3.69 1.32 3.83 1.21 3.49 2.66 0.73 3.72 1.62 3.45 2.2 2.89 3.52 3.09 3.61 2.08 3.51 1.89 3.24 3.55 1.82 2.06 3.27 1.45 3.61 3.74 1.84 2.92 1.97 4 0 0 0 0 0 0 0 
0 0 0 0 0 0 1 2.99 1.95 3.89 3.8 1.68 3.54 3.37 1.17 3.95 3.69 1.39 3.06 2.69 3.28 2.82 0.31 2.76 2.15 3.48 0.74 3.94 2.05 0.08 3.03 3.88 2.62 3.25 2.76 3.14 2.38 2.47 2.4 2.16 3.74 3.12 0.29 3.25 2.97 3.44 3.65 3.58 1.22 2.57 2.61 3.33 3.72 3.77 3.47 3.82 0.81 1.46 3.77 3.74 0.38 3.73 3.79 3.59 3.17 3.57 3.83 4 3.14 3.32 2.6 2.06 3.78 2.83 3.3 3.27 2.82 2.03 3.98 3.73 1.34 3.88 1.37 3.86 2.35 3.86 1.37 3.88 1.34 3.73 3.98 2.03 2.82 3.27 3.3 2.83 3.78 2.06 2.6 3.32 3.14 4 3.83 3.57 3.17 3.59 3.79 3.73 0.38 3.74 3.77 1.46 0.81 3.82 3.47 3.77 3.72 3.33 2.61 2.57 1.22 3.58 3.65 3.44 2.97 3.25 0.29 3.12 3.74 2.16 2.4 2.47 2.38 3.14 2.76 3.25 2.62 3.88 3.03 0.08 2.05 3.94 0.74 3.48 2.15 2.76 0.31 2.82 3.28 2.69 3.06 1.39 3.69 3.95 1.17 3.37 3.54 1.68 3.8 3.89 1.95 2.99 1 0 0 0 0 0 0 
0 0 0 0 0 0 3 3.98 3.93 1.85 3.75 3.62 1.46 3.28 3.07 3.83 3.55 3.23 0.87 3.48 3.04 2.55 3.01 3.42 3.77 1.05 3.27 3.41 1.46 3.43 3.3 2.06 1.71 2.24 1.64 1.9 3.01 1.95 2.72 2.3 2.68 0.84 3.78 2.47 2.9 1.05 3.92 0.47 3.71 2.61 2.16 1.35 3.17 3.6 0.63 3.27 2.5 3.33 2.76 2.8 3.46 3.76 3.72 2.37 1.75 2.91 3.89 1.74 0.54 3.37 2.29 3.4 1.78 3.53 2.74 1.51 1.94 2.12 2.14 2.08 0.01 3.01 2.11 3.36 1.77 3.36 2.11 3.01 0.01 2.08 2.14 2.12 1.94 1.51 2.74 3.53 1.78 3.4 2.29 3.37 0.54 1.74 3.89 2.91 1.75 2.37 3.72 3.76 3.46 2.8 2.76 3.33 2.5 3.27 0.63 3.6 3.17 1.35 2.16 2.61 3.71 0.47 3.92 1.05 2.9 2.47 3.78 0.84 2.68 2.3 2.72 1.95 3.01 1.9 1.64 2.24 1.71 2.06 3.3 3.43 1.46 3.41 3.27 1.05 3.77 3.42 3.01 2.55 3.04 3.48 0.87 3.23 3.55 3.83 3.07 3.28 1.46 3.62 3.75 1.85 3.93 3.98 3 0 0 0 0 0 0 
0 0 0 0 0 1 1.99 3.96 3.9 3.81 1.69 3.55 3.38 1.18 3.96 3.7 3.4 3.06 2.68 3.26 2.79 3.27 0.69 1.06 1.37 1.61 3.78 2.86 2.85 3.75 3.54 0.21 2.77 0.19 3.48 1.61 3.58 0.36 2.96 3.35 3.52 2.45 2.13 2.54 2.66 0.47 3.97 3.12 1.91 3.33 1.35 3.97 3.16 0.91 3.22 2.07 3.46 2.38 1.84 3.85 3.41 1.54 0.27 3.64 0.67 3.43 3.96 2.32 2.6 3.88 0.24 1.8 3.65 0.89 1.65 3.04 3.17 2.15 2.09 3.09 3.23 2.59 2.23 3.2 3.52 3.2 2.23 2.59 3.23 3.09 2.09 2.15 3.17 3.04 1.65 0.89 3.65 1.8 0.24 3.88 2.6 2.32 3.96 3.43 0.67 3.64 0.27 1.54 3.41 3.85 1.84 2.38 3.46 2.07 3.22 0.91 3.16 3.97 1.35 3.33 1.91 3.12 3.97 0.47 2.66 2.54 2.13 2.45 3.52 3.35 2.96 0.36 3.58 1.61 3.48 0.19 2.77 0.21 3.54 3.75 2.85 2.86 3.78 1.61 1.37 1.06 0.69 3.27 2.79 3.26 2.68 3.06 3.4 3.7 3.96 1.18 3.38 3.55 1.69 3.81 3.9 3.96 1.99 1 0 0 0 0 0 
0 0 0 0 0 2 2.98 0.93 2.86 2.76 2.63 0.47 2.29 2.08 2.84 2.56 2.24 1.88 3.48 2.03 1.53 2.98 2.37 1.7 3.97 3.16 3.27 3.29 0.21 3.04 1.75 3.34 3.8 2.11 1.27 2.27 3.09 3.71 3.12 0.3 2.25 2.94 3.35 3.46 3.25 3.7 0.79 3.51 0.82 3.72 3.17 3.16 1.67 2.69 2.2 3.19 3.65 2.57 2.96 2.82 3.16 4 3.36 3.28 3.8 1.97 3.86 1.53 3.08 0.59 2.18 3.96 3.04 2.55 3.63 2.41 2.03 3.62 1.3 3.2 2.41 3.03 2.13 1.77 1.98 1.77 2.13 3.03 2.41 3.2 1.3 3.62 2.03 2.41 3.63 2.55 3.04 3.96 2.18 0.59 3.08 1.53 3.86 1.97 3.8 3.28 3.36 4 3.16 2.82 2.96 2.57 3.65 3.19 2.2 2.69 1.67 3.16 3.17 3.72 0.82 3.51 0.79 3.7 3.25 3.46 3.35 2.94 2.25 0.3 3.12 3.71 3.09 2.27 1.27 2.11 3.8 3.34 1.75 3.04 0.21 3.29 3.27 3.16 3.97 1.7 2.37 2.98 1.53 2.03 3.48 1.88 2.24 2.56 2.84 2.08 2.29 0.47 2.63 2.76 2.86 0.93 2.98 2 0 0 0 0 0 
0 0 0 0 0 4 3.97 3.91 1.82 3.71 3.57 3.4 1.2 3.98 3.72 3.42 3.08 3.7 1.27 3.8 3.27 0.68 3.04 2.33 2.55 3.69 1.74 1.7 2.56 2.31 3.94 0.43 2.79 2.99 1.02 3.88 3.54 0.98 3.2 2.17 1.88 3.31 3.43 3.22 3.66 1.72 3.39 3.64 3.44 3.77 3.6 0.91 2.69 2.91 3.55 1.59 3.03 1.85 3.06 2.65 0.63 3.03 2.86 2.16 3.98 3.37 1.4 3.16 3.74 2.24 1.79 1.52 3.57 3.08 1.21 1.13 4 0.96 3.18 3.79 1.91 1.66 1.13 2.39 1.47 2.39 1.13 1.66 1.91 3.79 3.18 0.96 4 1.13 1.21 3.08 3.57 1.52 1.79 2.24 3.74 3.16 1.4 3.37 3.98 2.16 2.86 3.03 0.63 2.65 3.06 1.85 3.03 1.59 3.55 2.91 2.69 0.91 3.6 3.77 3.44 3.64 3.39 1.72 3.66 3.22 3.43 3.31 1.88 2.17 3.2 0.98 3.54 3.88 1.02 2.99 2.79 0.43 3.94 2.31 2.56 1.7 1.74 3.69 2.55 2.33 3.04 0.68 3.27 3.8 1.27 3.7 3.08 3.42 3.72 3.98 1.2 3.4 3.57 3.71 1.82 3.91 3.97 4 0 0 0 0 0 
0 0 0 0 1 2.99 2.95 2.88 2.78 0.65 2.5 3.32 3.11 3.87 3.59 2.27 1.91 3.51 3.06 3.56 3 2.38 2.7 2.95 3.12 0.2 2.2 3.1 2.89 2.56 2.1 2.5 3.75 2.83 3.73 0.43 3.93 3.19 1.2 2.95 3.41 3.56 2.37 1.82 3.89 3.54 1.75 3.5 3.75 3.47 0.63 3.22 2.2 3.55 3.24 2.25 2.57 0.18 3.09 3.28 2.76 2.55 1.67 3.16 0.06 2.45 3.39 0.97 2.31 2.52 2.74 3.12 1.82 2.02 0.9 2.66 2.48 3.55 3.05 3.15 4 2.73 2.46 3.27 3.2 3.27 2.46 2.73 4 3.15 3.05 3.55 2.48 2.66 0.9 2.02 1.82 3.12 2.74 2.52 2.31 0.97 3.39 2.45 0.06 3.16 1.67 2.55 2.76 3.28 3.09 0.18 2.57 2.25 3.24 3.55 2.2 3.22 0.63 3.47 3.75 3.5 1.75 3.54 3.89 1.82 2.37 3.56 3.41 2.95 1.2 3.19 3.93 0.43 3.73 2.83 3.75 2.5 2.1 2.56 2.89 3.1 2.2 0.2 3.12 2.95 2.7 2.38 3 3.56 3.06 3.51 1.91 2.27 3.59 3.87 3.11 3.32 2.5 0.65 2.78 2.88 2.95 2.99 1 0 0 0 0 
0 0 0 0 3 3.98 3.93 3.85 3.74 3.6 2.43 0.23 3.01 2.75 0.45 3.12 2.74 0.31 2.84 2.31 1.72 2.07 1.35 3.56 2.68 1.71 2.65 1.48 3.2 2.79 3.24 3.54 1.67 3.63 2.39 2.94 2.26 2.33 2.13 2.64 0.83 2.69 3.18 2.27 3.94 2.15 3.88 3.09 3.75 3.82 3.27 2.07 3.19 1.59 2.25 2.14 2.24 2.53 2 0.64 1.46 2.47 3.69 2.15 1.91 3.04 1.61 2.73 3.52 3.11 3.66 3.34 3.34 3.87 3.14 3.38 1.81 1.66 2.15 3.48 3.83 1.36 2.22 3.5 2.25 3.5 2.22 1.36 3.83 3.48 2.15 1.66 1.81 3.38 3.14 3.87 3.34 3.34 3.66 3.11 3.52 2.73 1.61 3.04 1.91 2.15 3.69 2.47 1.46 0.64 2 2.53 2.24 2.14 2.25 1.59 3.19 2.07 3.27 3.82 3.75 3.09 3.88 2.15 3.94 2.27 3.18 2.69 0.83 2.64 2.13 2.33 2.26 2.94 2.39 3.63 1.67 3.54 3.24 2.79 3.2 1.48 2.65 1.71 2.68 3.56 1.35 2.07 1.72 2.31 2.84 0.31 2.74 3.12 0.45 2.75 3.01 0.23 2.43 3.6 3.74 3.85 3.93 3.98 3 0 0 0 0 
0 0 0 1 1.99 3.96 3.9 3.81 3.69 3.54 3.36 3.15 3.91 1.63 3.32 3.97 3.57 3.12 3.62 2.06 1.44 3.76 3 3.16 2.23 2.21 3.09 1.85 1.49 4 0.35 3.55 0.56 2.39 3.01 3.4 2.54 2.41 2.99 3.25 1.16 2.71 3.86 3.57 0.81 3.56 1.77 2.41 3.44 0.81 2.5 3.46 3.65 3.03 2.57 2.24 3.01 1.85 3.75 3.69 3.67 3.7 3.8 3 3.36 3.95 3.85 1.17 3.06 2.66 2.15 3.73 0.61 2.05 1.29 1.6 3.25 1.5 3.63 2.87 2.45 1.57 3.4 3.05 2.59 3.05 3.4 1.57 2.45 2.87 3.63 1.5 3.25 1.6 1.29 2.05 0.61 3.73 2.15 2.66 3.06 1.17 3.85 3.95 3.36 3 3.8 3.7 3.67 3.69 3.75 1.85 3.01 2.24 2.57 3.03 3.65 3.46 2.5 0.81 3.44 2.41 1.77 3.56 0.81 3.57 3.86 2.71 1.16 3.25 2.99 2.41 2.54 3.4 3.01 2.39 0.56 3.55 0.35 4 1.49 1.85 3.09 2.21 2.23 3.16 3 3.76 1.44 2.06 3.62 3.12 3.57 3.97 3.32 1.63 3.91 3.15 3.36 3.54 3.69 3.81 3.9 3.96 1.99 1 0 0 0 
0 0 0 2 2.98 0.93 2.86 2.76 2.63 2.47 2.28 3.06 0.8 2.51 2.18 2.81 2.39 3.92 1.39 3.81 3.16 3.44 3.64 1.75 0.77 2.7 3.52 2.21 1.77 2.19 2.45 3.54 1.43 1.12 2.59 0.81 3.77 2.43 3.78 3.78 2.4 1.62 3.41 2.72 3.52 0.77 3.44 1.47 3.83 1.46 3.33 2.38 2.57 1.85 0.18 2.53 1.85 3.11 1.28 3.35 2.3 2.14 3.89 2.57 1.24 3.98 3.87 2.03 1.62 1.81 3.8 2.81 2.1 2.96 3.68 2.57 3.96 1.16 3.51 3.29 1.78 3.23 0.83 3.74 3.03 3.74 0.83 3.23 1.78 3.29 3.51 1.16 3.96 2.57 3.68 2.96 2.1 2.81 3.8 1.81 1.62 2.03 3.87 3.98 1.24 2.57 3.89 2.14 2.3 3.35 1.28 3.11 1.85 2.53 0.18 1.85 2.57 2.38 3.33 1.46 3.83 1.47 3.44 0.77 3.52 2.72 3.41 1.62 2.4 3.78 3.78 2.43 3.77 0.81 2.59 1.12 1.43 3.54 2.45 2.19 1.77 2.21 3.52 2.7 0.77 1.75 3.64 3.44 3.16 3.81 1.39 3.92 2.39 2.81 2.18 2.51 0.8 3.06 2.28 2.47 2.63 2.76 2.86 0.93 2.98 2 0 0 0 
