0 0 0 0 0 0 0 0 0 0 0 0 0 0 0 0 0 0 0 0 0 0 0 0 0 0 0 0 0 0 0 0 0 0 0 0 0 0 0 0 0 0 0 0 0 0 0 0 0 0 0 0 0 0 0 0 0 0 0 0 0 0 0 0 0 0 0 0 0 0 0 0 0 0 0 0 0 0 0 0 0 0 0 0 0 0 0 0 0 0 0 0 0 0 0 0 0 0 0 0 0 0 0 0 0 0 0 0 0 0 0 0 0 0 0 0 0 0 0 0 0 0 0 0 0 0 0 0 0 0 0 0 0 0 0 0 0 0 0 0 0 0 0 0 0 0 0 0 0 0 0 0 0 0 0 0 0 0 0 0 0 0 0 0 0 0 0 0 0 0 0 0 0 0 0 0 0 0 0 0 0 0 0 0 0 0 0 0 0 0 0 0 0 0 0 0 0 0 0 0 0 0 0 0 0 0 0 0 0 0 0 0 0 0 0 0 0 0 0 0 0 0 0 0 0 0 0 0 0 0 0 0 0 0 
0 8565.45 13253.3 14208.8 5498.4 13453.9 8236.46 12724.2 1105.12 8420.92 9434.73 10811.7 978.035 2216.62 3310.56 5425.55 6494.7 19420.7 13122.7 417.544 15668.6 4565.81 16979.5 1022.11 12174.4 19471.9 14560 864.432 13555.3 3358.81 4349.97 4055.34 14866.4 15350.2 5176.38 18912.7 15944.8 18267.8 4613.32 18398.2 15499.3 10369.6 2383.3 663.68 4280.73 11089.9 6353.26 11359.3 14483.3 16907.7 6998.76 18599.1 812.011 12201.8 15221.8 13113.4 7253.7 4175.34 13926.8 11483.9 6222.05 5158.1 19163.7 731.213 9909.88 8810.21 12074.4 8768.72 1257.05 13408.1 5401.2 17291.2 10122.6 830.808 7865.42 19418.3 3406.92 18812.3 2219.15 17305 7826.42 13050.7 18692.1 10313.1 13346.7 7795.49 9166.6 3945.02 10805.5 4038.91 2366.4 1471.15 12282 2738.64 5249.23 695.912 15114.6 15293.2 14049.8 4003.49 12846.8 13744.7 2573.02 5985.78 17834 14868.8 3507.37 11561.9 17720 14953.7 12734.5 4758.08 17359.4 6247.97 18183.5 14548.5 3169.33 15216.3 18078.9 4477.08 5606.14 15160.8 2740.81 715.757 18228.4 14242.4 5245.35 19842.6 13797.1 5187.74 2858.42 707.244 10692.5 243.204 15747.6 15368.4 19949.1 5364.68 13671.1 19399.4 1151.79 13784.5 18531.8 18219.6 12649.9 5691.47 4875.34 13317.3 12029.6 11746.1 12318.4 16199.4 7673.34 2846.91 1734.63 9602.54 3532.38 973.488 8026.87 10590.6 18724.3 1969.18 16583.5 7073.09 15133 2478.06 6974.32 9096.92 19528.6 10836.6 2798.62 891.082 12306.9 18035.5 6509.3 17278.3 6504.35 15311.2 9232.8 15561.8 2610.26 18006.9 19170.9 19963.9 8151.28 12199.1 8685.04 1737.81 14876.5 10803.7 17546.1 5341.34 19612.2 15803.8 2358.25 17988.2 19321.3 8752.71 18291.6 6638.47 17561 17755.4 944.246 19017.2 1096.5 13530.8 18723.1 7309.17 126.806 9236.87 2086.23 17869.9 9426.68 14311.3 17520.1 1912.5 8519.92 18252.5 18695.7 18999.3 2781.35 17329.1 7646.97 15420.1 16524.1 11324.2 1989.89 11306.9 5589.01 5490.78 995.567 12225.4 17810 144 
0 13253.3 11257 13583.2 18942.6 7481.72 462.435 11155.4 12799.8 2515.42 13298.6 14624.4 19033 13492.8 16217.8 4513.03 16509 10398.4 18549.9 1751.72 13293.4 18524.8 18196.1 11207.2 18505.7 607.025 8721.6 5372.07 391.549 1289.49 7135.8 4862.56 19966.2 16067.8 9928.72 4772.03 179.615 4705.57 15547 10580.9 1463.78 12233.9 4794.49 4802.39 13485.8 4029.12 8482.85 10748.2 16477.6 13580.3 507.028 8324.54 9666.43 8092.2 14668.3 11291.9 11049.1 15303 1359.43 5970.68 16258.5 122.794 11375.1 6920.41 14285.4 4197.33 15074.6 15435.1 631.944 1351.56 10257.9 5800.23 9206.61 11619.8 7331.17 19115.1 6844.27 6254.93 7239.39 13550.3 2149.06 3742.69 17152.4 1685.95 8949.84 1045.7 9261.6 1145.7 8066.31 16207.2 10980.5 18203.3 15613.8 17928.3 975.39 6218.34 17567.1 18243.1 754.726 13911.8 17357.7 12024 11991.1 10866.1 10201.6 11361.5 8607.81 4060.22 6735.62 17275.6 12276.4 1726.14 5448.8 11453 9184.33 13098.7 4293.59 8538.93 4206.46 17332 11877.3 9038.94 4017.14 8109.37 5425.71 16689.9 1154.97 1904.73 5009.13 7732.82 14231.5 18936 1635.04 12948.2 2422.68 15501.8 12547.3 4704.5 9252.3 10174.3 6353.41 15502.2 7774.5 13064.1 7333.49 11130.6 6925.74 7201.89 7177.49 2880.47 19450.3 3667.61 8127.17 17517 14751 13312.3 8625.83 7063.68 10229 478.78 17020.3 12612.5 3950.14 6607.59 19205.9 4599.48 9274.82 19403.2 4767.78 9049.93 56.087 5545.92 3849.01 3967.88 3332.78 2547.63 9763.97 8078.28 13616.6 6798.86 10070.9 19940.2 18520.6 8462.48 9260.53 11253.8 15997.3 156.522 3690.7 72.9548 11544.9 508.1 11398.3 11546.7 7178.42 12613.7 5286.69 816.81 6976.29 14661.4 1808.95 1648.43 14059.1 4186.38 10811 19655.3 12627.8 7857.99 1461.72 16704.4 18999.1 5188.46 9108.81 12476.8 3463.42 5559.05 5876.77 10850.2 8988.46 4929.67 12309.1 981.932 268.819 14147 9346.71 8711.07 12765.5 8669.36 13974.8 8004.63 11861.7 14243.3 13613 1 
0 14208.8 13583.2 10430 11953.8 8766.41 1684.94 6021 5669.49 19671.8 5850.71 11385 5160.91 3837.13 8167.59 6805 6553.14 7596.4 9054 11299 12011.5 1632.33 8884.85 13630.4 7550.68 9077.97 3720.54 9617.19 18061.8 18078.3 8122.16 18673.2 4001.11 12373.5 12407.7 17815 6711.27 4109.82 18456.1 2140.08 5420.8 5393.59 736.954 2952.56 11293 17799.9 11103.3 74.2328 2255.71 15155.1 3433.68 4418.97 6114.6 14982 2669.82 17423.1 6110.05 19711.3 15694.9 9977.53 6039.52 7217.96 4799.64 16645.2 15031.4 2075.91 2663.76 13278 18122.5 12698.6 436.313 3320.92 3981.51 2270.25 12055 7664.72 1529.78 4446.12 10754.4 4546.78 7894.68 5451.75 4264.21 15279.7 2812.17 18171.9 15163.5 968.387 12877.1 17676.1 11395.1 7012.61 19009.5 18605.5 8926.36 5358.91 177.855 13243.5 6887.33 17867.6 9422.73 3293.37 6856.72 13911.3 9827.3 14839.2 13141.5 277.61 19807 4190.44 16794.6 18796.5 18683.2 2756.04 10826.7 17929.2 5488.13 1551.04 7700.06 17003 3260.3 7690.64 10462.7 13726.9 813.424 19504.7 1567.84 77.0112 4736.59 13493.6 6871.17 15063.4 10417.9 11022.1 6221.41 16704 1292.11 7409.56 310.141 15026.1 7607.78 4593.99 18804.6 5261.07 13494.4 7512.48 8041.67 12700.3 16987.1 2976.28 8000.5 16408 9584.4 11426.1 16907.9 1064.67 18309.3 8877.66 17274.6 10370.2 8177.97 2079.43 5027.24 4935.69 14110.4 7971.5 14615.3 12220.8 1729.5 13755.2 464.034 12458 1344.59 15123.9 17764.5 18375.7 4807.87 3127.18 7040.86 18848.5 15847.1 5101.2 3754.06 8124.86 19081.3 2879.27 9218.17 33.777 4950.19 13745.7 6205.96 13937 18236.2 16773.7 10635.7 15351 7472.33 2614.92 14787 13952.4 4580.89 17835.9 5848.68 14175.2 7320.83 16320.6 10051.8 816.077 2955.51 4350.36 14689.8 10710.6 6401.59 574.039 17241.9 4659.13 5221.52 1472.49 19556.9 12987.6 4378.84 2627.59 4445.05 5608.23 10357.6 3495.6 11378.6 17225.1 989.094 18217.7 18117.2 2484.96 195 0 
0 5498.4 18942.6 11953.8 6107.7 19141.3 276.446 1893.66 1841.28 12276.4 12532.7 12211.4 15657.4 13546 1164.8 6563.56 11430 12575.9 7499.27 4383.4 19527.3 10015 9512.71 11804.2 7970.6 3850.53 17488.6 949.319 8276.25 10019.9 15104.9 15986.7 2397.15 10219.5 14353.4 11676.1 3289.41 10892.1 6473.43 745.875 1691.54 17272.4 19551.9 4138.06 17643.3 18112.3 12485.7 15182.6 1844.85 3651.08 11225.5 10993.8 8193.11 11312.9 17834.7 18734 15274.3 2008.61 1884.03 14419.1 5825.49 4149.46 15945.3 5164.16 5763.24 1283.87 6534.5 10191.1 3418.03 8394.71 18020.9 3511.31 6207.57 6154.44 10649.5 13419.8 17134.5 16559.4 2708.15 2572.62 12249.9 18229.6 5447.37 4503.65 16302.7 5360.94 471.913 535.512 7220.7 5047.25 16168.4 2089.73 10027.2 18982.9 3687.93 5631.13 16373.9 13997 7459.66 18406.2 8515.09 5889.05 11320.9 6088.02 8793.07 19176.2 2751.16 19898 3975.7 14757.2 11528.7 7592.47 4269.99 1805.55 7397.95 15491.5 13326.1 10161.2 11365.5 6997.89 10022 3962.04 15746.3 4018.4 4354.48 1513.18 13720.7 15595.6 18520 3226.84 15904.1 18207.8 5612.26 3783.31 10983.4 13429.1 10095.1 19190.7 16612.7 5461.8 14895.4 628.976 3460.45 4364.82 19871.6 10527.9 14321.5 6265.67 5016.66 12125.8 16250 3125.17 18581.1 17525.6 19146.4 7189.84 3772.88 19283 6726.6 130.025 16167.3 10030.2 2587.87 7309.43 3949.53 17483.5 6738.5 10156.7 11298.5 11813.5 1028.78 472.681 16886.8 10404 16553.6 10916 15405 2726.39 696.64 16773.9 8510.85 8811.88 18080 5714.61 3592.55 3377.89 14168.5 1660.03 18855.6 9258.71 3076.28 15090.9 16464.9 10595.8 8417.79 6131.61 11008.9 11511.4 13041.9 17895.9 5300.65 4315.37 3381.7 14892.3 19156.7 908.616 108.76 18293.3 6694.7 800.64 2964.39 6095.28 4823.13 12242 4834.23 8879.14 5007.99 8785.65 11871.6 16029.4 7863.71 12247.1 19707.1 14539.1 12483.3 15555.4 9370.34 17759.2 4556.6 9726.34 17303 15076 0 0 
0 13453.9 7481.72 8766.41 19141.3 15990.7 17211.1 17537.6 17964.9 766.023 15668.9 7612.78 12740.2 2757.05 9649.5 646.062 6323.29 11948.6 15710.7 6029.51 12055.7 7705.47 5721.72 8240.15 17120.1 1646.22 17621.5 14506.7 8897.55 3182.78 10882 99.2184 11135.2 10518.5 4638.6 16161.4 3507.91 13867.2 299.705 366.502 7868.81 6470.69 17891.5 9616.44 2485.71 216.526 910.928 15122.1 9997.78 6057.62 9024.92 17234.1 4683.65 18814 3031.11 14499.7 16614.9 18946.3 19630.5 10681.5 13251.6 15209.2 81.6964 11734.2 4727.12 10958.1 7753.57 656.215 14730 17569.8 8402.25 14279.6 4377.06 6343.81 12561.4 4217.2 6209.73 2048.5 17610.4 19425.1 17672.7 885.103 17340.3 18723.4 15967.9 5279.16 16722.5 9914.33 1412.71 3819.24 9884.81 3730.36 10520.9 47.1224 4678.61 18280.8 1664.03 614.566 1985.94 10566.5 5045.17 16029 6462.42 13879.4 8643 4076.76 5705.85 8848.67 12911.6 2642.75 7628.9 7786.75 1909.84 14648.1 7394.15 3887.15 8266.09 9021.32 13390.5 10429.4 19654.5 6518.27 16664.9 18715.1 8049.15 8343.32 6421.14 14833.4 12668.1 778.752 5979.61 10542.8 19284.3 10002.9 9183.82 8964.89 758.537 12896.4 11840.8 15511.3 3908.54 16945.8 14775.7 18181 3274.27 5179.47 9149.76 10685 12056.9 10826.3 5460.44 10848.2 13820.6 5239.62 9722.83 454.701 11736.6 3977 15495.7 3236.27 14531.9 8151.69 17160.7 7604.9 9133.61 14112.8 4200.68 11748.5 6729.48 8984.12 5562.79 17699.1 1981.1 2917.62 11248.2 10051.7 8766.48 4412.99 9980.32 1904.93 3426.66 4631.55 16132.5 14490.8 15165 10619.2 6838.38 3232.52 4287.57 19146.7 12152.9 12865.5 13781.2 13049.1 10471.3 477.167 59.4675 10444.4 3712.66 2444.88 5051.49 6290.44 18657.2 8594.26 2427.47 14596.1 5240.06 2902.81 7330.99 1947.56 10479.5 8500.12 14264.5 10234.5 5455.03 15969.2 2586.41 11585.6 11202.7 9608.97 2717.71 2281.95 2505.22 12744 7907.98 4594.34 18392.8 13063.9 14465.5 676.591 6925.99 43 0 0 
0 8236.46 462.435 1684.94 276.446 17211.1 14869.5 14039.2 17150.5 4255.01 8854.96 5388.52 8071.53 6912.92 18662.8 2870.62 40.1498 2806.34 9483.41 5726.45 1944.75 16889.9 13661.5 8412.36 17764 4505.33 17783.3 17049.5 323.445 9767 8604.12 10041.6 15786.3 5483.69 3338.8 2744.62 385.008 4919.67 6011.83 19059.1 5786.55 1606.45 715.821 5654.33 4780.35 12685.6 15413.8 12989.9 8174.35 15593.3 1700.64 17923 17508.3 13877.1 844.707 574.889 7505.75 8951.2 13187.9 15855.4 3049.78 11279.5 7558.33 14586 669.036 18605.9 554.565 8766.31 18626.4 7774.89 19015.3 9179.59 5788.47 17932.8 7885.94 5600.83 5393.23 10403.8 15959.4 4892.72 19694.4 12439.3 14895.2 18478.2 19338.2 58.3634 18740.1 15402.2 16809 5871.03 10935.3 9876.96 5878.84 10742.7 19561.5 15015.6 5774.69 11982.1 17015.4 19667.7 10823.9 1381.46 10303 13726.7 18633.7 12746.1 12073 12968.5 17359.6 10552.4 6279.27 7512.32 17415.1 8865.93 15866.8 1652.18 16130.6 12748.6 2612.04 12285.5 6817.82 61.5085 15812.7 7622.68 17450.7 8337.22 9225.04 11619.6 17721.7 1969.28 13491.1 9573.59 19654.9 6227.88 12919.8 1267.58 6269.04 14991.8 13069.3 10194.5 10653.2 16118.5 9801.3 17917 12555.7 19341.5 9245.82 2860.61 10617.8 14470.2 9442.95 19720.4 9647.04 11962.3 16146 9181.61 12072.8 672.177 13393.9 3775.05 18952.1 17026.1 1771.95 17644 18177.4 11619.5 15620.9 18382.9 10946.7 14648.7 5765.75 17007.9 1004.25 707.61 18904.6 19792.4 6650.19 14886.3 11219 19120.1 541.183 6139.68 17418 9036.21 11267 11415.5 13708.1 18645.3 13127.3 13847.1 5416.98 2481.81 14740.5 1142.75 8621.28 1012.78 11917.8 19663.3 535.453 10507.2 9164.06 4618.58 2440.46 7396.68 4444.75 12031.6 5961.63 14279.7 6430.28 8652.72 7740.41 18903.1 8988.23 11849.9 10607.7 3759.75 9704.33 1801.29 19926 10352 13618.1 12486.9 19469.9 12082.8 7030.31 1472.04 16503.3 12777.3 18906.4 5250.6 2028 0 0 0 
0 12724.2 11155.4 6021 1893.66 17537.6 14039.2 12198.2 15410.5 12244.2 3935.06 19655 5462.79 10117.7 3522.72 8182.2 7041.66 9624.87 11666.5 12678.3 9175.2 14425.6 11415.8 12872.8 12280.9 5028.77 10952 17565.2 5832.48 3964.56 8377.65 14457.9 16412.1 8668.22 3093.54 17937.1 10466.3 6103.95 19545.9 2072.45 10931.4 3291.36 2195.33 4308.14 13671.7 6617.1 14972.5 14581.1 11337.9 14883 4845.6 19539.1 6297.84 13563 11629.4 18962.3 14256 8533.95 135.759 6606.92 8830.51 16954.4 14841.8 11761.1 10596.5 16432.1 15086.5 2556.75 7885.14 15116.7 12984.8 10748.6 7432.4 2514.05 6506.94 2817.27 7770.59 718.061 7408.18 5470.72 19779.7 1395.17 19297.6 8304.52 16220.2 10734.6 12981.4 11110 11714.5 2803.49 17611.1 13064.9 6214 18579.1 16053.4 13484.3 1562.63 18825.5 266.47 1877.93 18448.8 7700.47 8442.27 2380.1 3572.77 7841.87 9361.17 5473.47 546.603 9018.35 19382.8 18164.6 12446.2 5360.03 11920.7 9704.12 8879.67 7373.44 4960.53 19466.3 8870.76 8224.21 16276.4 1427.43 6837.52 11636.6 11614.3 17389 5257.37 10279.2 4668.94 16294.9 2322.37 18165.4 18058.1 10195.7 12456.3 13840.2 1589.24 9795.5 16701.5 17899.2 2645.11 19076.1 6687.02 9619.85 6321.81 661.38 5216.85 3621.69 16966.5 12948.3 13473.2 5661.18 1843.03 4123.62 5598.07 912.11 1351.19 17569.8 12286.7 12777.2 9724.7 18775.8 11760.7 1240 421.461 19632.6 3894.34 290.637 14101.1 13838.1 18400 8156.21 18157 17739.4 18510.9 16575.9 18571.5 2947.77 9026.42 3664.94 12007.7 2895.97 2970.84 956.281 3468.53 19124.7 10744.9 5565.01 4761.9 2169.23 14186.7 11097.2 5069.17 18918.8 13364.7 17880.1 7653.53 6162.66 4077.15 17421.5 11170.9 17031.2 17249.7 8958.02 8617.03 7179.73 9032.38 11106.6 15718.4 245.608 638.256 1432.16 392.115 14438.4 1269.55 6262.32 8718.36 19804.6 15590.2 7280.16 2731.36 109.5 8429.7 3736.88 14719.3 5340.73 19558.9 17424 3 0 0 0 
0 1105.12 12799.8 5669.49 1841.28 17964.9 17150.5 15410.5 430.752 6764.6 5292.33 3287.21 6548.95 11581.6 19927.3 14397.2 15375 9679.23 14285.8 4354.95 13343.4 13225.9 18428 12183 18467.4 4607.58 16592.8 16209.8 18072.9 9009.04 15662.3 4624.85 13661.7 1418.09 17600 539.249 15391.9 16622.6 15523.1 15625.3 9286.65 2683.34 5084.61 3895.9 3381.6 3743.31 9190.9 8213.21 2445.35 3320.51 12779.2 17089.7 6502.53 1546.09 16707.8 10785.9 13247.5 12262.7 7074.92 8553.12 5266.3 8408.06 18382.9 8334.23 8306.82 11101 4262.83 15887.5 6243.56 16971 4118.78 4488.65 11607.5 2095.18 6013.2 3692.63 13476.5 9600.86 17911.1 4445.66 14599.3 9491.35 18466.9 11920.8 3529.39 12182.2 13098.7 9766.68 19518.4 18405.8 8781.02 11871.2 1814.62 16878.2 17301.3 11879.4 5434.43 13975.7 15808.8 12018.3 16783.7 1135.05 12797.8 14962.2 9080.38 2283.43 19129.6 18528.1 19024.7 10404.3 10718.4 3406.54 14729.4 19770.5 12893.7 19227.8 5601.25 3696.96 13372.3 4652.88 13678.8 16115.7 3739.26 17663.1 11351.2 9168.26 2661.76 13600.7 8690.8 6806.84 1689.43 19986.1 4349.51 14409 13753.7 17320.7 13823.5 17896.9 12896.7 18370.3 19047 2692.53 4913 13638.7 11699.2 8052.91 14021 9065.39 3443.45 6052.32 11545.7 18913.3 11620.6 18346.7 2843.33 9820.1 13919.2 3137.11 14663.9 15590.1 14835 1330.32 13483.5 10833.2 8390.95 3219.44 9505.17 19265.3 14101.3 4164.71 3124.82 3942.53 19782.7 29.8247 12438.9 11051.1 9633.8 8385.64 3597.29 1005.41 2974.9 10444.7 9863.13 1865.44 18143.9 10444.4 1688.91 5555.88 4681.15 15175.1 8329.46 8417.58 6496.48 13314.9 16721.7 2058.01 18133.4 46.7474 13024.2 103.229 1930.73 10560.8 15366 18182 2486.19 10358.5 7097.34 19065.5 18506.9 19798.7 2357.26 10068.4 10886.3 14494.4 1205.09 14320.6 9748.24 139.179 5362.57 11850.8 1350.8 14111.2 3730 2419.61 17401.7 13985.1 18186.4 14305.7 1848.97 129 0 0 0 0 
0 8420.92 2515.42 19671.8 12276.4 766.023 4255.01 12244.2 6764.6 18357.9 6630.17 9884.35 19952.9 13212.6 14042.1 4084.53 17835.9 14857.6 12523.7 2403.24 5334.65 9767.78 14383.1 13802.5 880.076 19519.1 8095.27 19524.8 816.261 4393.62 4394.7 10074.2 14669.3 15782.9 2551.99 7478.8 10273.7 18459.9 18443.1 11642.3 7512.17 16004.8 4345.24 10912.7 6052.31 18193.4 6758.04 12597.8 13331.7 4299.35 9150.98 8127.44 18841.8 3394.29 18403.8 3807.6 12315.7 5098.03 15803.6 8790.53 11999.4 9959.33 12933 3334.66 14272.5 15525.7 6292.72 15891.1 9362.76 10000.2 1072.18 3585.49 15328.2 9683.29 18548.6 4261.9 14860 15473.1 386.12 1193.8 16166.7 17778.1 9711.06 13345.2 3271.37 17361.8 13769 5836.71 6231.51 5720.6 4862.61 7015.32 9511.58 3695.79 19424.1 7253.52 2756.48 4266.21 10588.1 2712 13668.4 14746.2 8573.57 997.384 5563.68 13694.4 13704.5 16663.9 4276.53 16018.9 8414.24 19349.2 18349.6 3494.95 8117.09 7112.59 4586.28 10044.2 6033.81 14590.8 8787.96 7110.39 11136.7 13909.1 16990.6 3031.2 6519.11 11903.3 2450.58 4668.38 14931.6 19012 11004.5 12599 9512.08 6523.82 16381.6 9245.58 1267.31 11290.4 12803.7 10234 3151.34 14680 11132.3 14080.1 8799.07 5235.62 10436.8 9154.6 597.552 19710.3 4687.61 4337.45 2670.79 15386.2 5828.57 16632.9 19462.8 2899.85 7955.44 3273.75 19936.3 4881.2 11881.6 18905.2 1580.08 8303.36 2125.31 17366 17682.7 7331.19 11914.7 5850.77 14265.8 8634.32 8867.87 2599.49 3357.65 17542.9 9854.11 15607.6 17556.4 18051.3 10190.6 11557.9 3462.73 6640.27 8467.72 9501.88 12643.9 18243.3 15220 211.505 3147.54 2997.3 8410.33 2042.91 5974.7 17340.5 19490 11916.1 1999.04 3811.35 7917.05 11701.2 15557.9 19315 117.831 6166.02 9332.44 413.141 7456.49 7204.75 17710.5 5196.7 6630.23 7549.14 10030.1 12548.8 11453.8 18787.7 19186.1 12308.1 18713.7 1527.3 14168.8 17511.3 3703 0 0 0 0 0 
0 9434.73 13298.6 5850.71 12532.7 15668.9 8854.96 3935.06 5292.33 6630.17 14049.6 683.266 6626.39 6297.7 19897.6 9587.15 416.602 19764 18459.8 19110.3 13307.3 10035 19222.1 14765.1 13729.4 18378.8 4632.73 4631.51 1704.99 9458.07 13315.6 13797.6 6809.33 5488.2 18437.2 13695.5 1388.75 9019.78 5107.53 2717.74 3061.36 3619.64 15845.4 11251.3 19302.1 12010.1 7465.72 10625.3 18935.8 1306.32 13789.5 3329.38 16554.1 13915.2 14239.1 1882.88 9164.49 1376.68 3283.74 6012.32 8282.46 1628.85 9679.63 18228 14325.3 5719.91 17086.7 8974.76 19844.7 16140.9 5751.51 10238.2 7636.19 5780.91 10286.9 18095.5 7698.1 18048.2 19616.5 17081.6 14759 18759.4 17164.1 19762.2 14431.2 3378.13 15250.7 7305.81 10773 18657.9 15552.7 746.527 16172.5 2870.84 10410.7 16889.6 12862.7 14122.3 859.953 14640.2 8717.7 9698.33 2951.18 5462.87 2309.85 14586.8 16228.9 11642.2 13449.2 19645.1 17286.6 17359.7 10981 10491.6 1716.58 10908.8 4256.69 1973.76 14933.5 12600.5 7617.41 18914.4 19773.6 7330.26 14767.2 1951.83 17307.6 6566.1 5598.54 16620.9 595.627 298.401 3930.62 7771.38 13193.9 10568.9 8048.66 10497.2 15718.3 7545 18213.5 18494 10258.4 6055.04 14833.2 13303.8 2343.31 8368.23 13136.7 17945.8 5255.79 6081.52 12059.8 2314.43 15778.1 18327.4 3454.24 9043.75 1229.6 6894.02 10468.1 4422.93 10893.5 11279.4 1459.89 10398.3 15762.8 4412.98 12035.7 15399.8 1934.46 7897.79 19930.3 2619.01 4867.89 19346.8 11642.3 16618.4 8022.87 12802.9 17798.8 15541 18633.3 17036.3 5848.16 14615 15200.8 6249.22 251.512 19637.8 18879.4 2439.99 3114.26 17443.4 9165.49 1294.37 3682.53 10934.7 17763 15111.7 17217.4 13399 16006.5 18982.8 9500.74 921.983 18728.4 17164.2 13544.5 11869 8358.65 10707.9 11055.3 10605.4 17786.5 19686.9 6829.96 8044.21 6322.16 2658.88 9812.58 8693.09 16333.4 2012.34 11373.9 14243.5 8651.03 13421 4 0 0 0 0 0 
0 10811.7 14624.4 11385 12211.4 7612.78 5388.52 19655 3287.21 9884.35 683.266 18287 6380.7 16662.2 6732.6 3017.79 5989.14 8657.91 5086.7 18968.8 739.963 7789.38 12762.1 10934.4 5287.21 2239.58 16166.1 1172.42 13168.7 8744.15 13871.3 16187.1 5362.41 17348.3 15092.5 19297.8 18003.7 7877.64 14269 12872.1 7049.64 13540.9 11731.9 528.744 2822.57 5386.72 13517.9 19990.6 11983.1 1648.32 8954.75 17933 8813.65 19560.2 3008.86 3145.81 14672 8704.51 14188.7 15799.6 3046.23 16982.5 18895.2 1561.45 14047.9 6061.57 19519.6 10028.7 15855.9 13546.2 7261.15 18463.9 14703.6 495.771 268.07 10321.4 17129 1700.46 7222.86 5236.26 13518.9 8444.09 12702.3 2038.67 9240.21 10554.7 8732.75 18672.4 7131.9 5847.15 6041.76 6848.02 1243.87 1345.19 3204.84 9361.57 12567.4 6616.02 6595.97 15103.9 12174.3 10823.4 18119.7 14468.9 13722.4 5574.74 13010 9161.42 15985.5 3569.12 12087.2 8159.71 1120.29 12650.9 6019.13 1543.11 11599.7 7742.45 13197.8 15406.4 16471.7 1942.14 16050.4 17497.4 6075.37 15483 12936.5 6713.42 5580.33 4903.51 3750.64 3541.26 2482.06 4224.18 10067.1 775.006 38.3978 1329.79 18765.9 17804.3 15139.4 7213.77 8705.18 14800.2 16307.8 6820.17 6813.9 3613.17 2210.36 10771.4 3387.96 17521.6 9362.9 11400.8 14732.1 608.453 4664.26 6639.59 14296.9 13640.9 6622.28 3034.65 393.844 18702.2 8104.06 7301.15 764.481 16484.3 7775.04 11862.5 15244.8 17906.8 5171.83 13457.7 4509.43 8217.29 3388.47 12959.5 712.719 4569 8288.76 14284.7 1175.17 1778.81 14857.8 17710.6 13710.1 16503.6 11372.7 13949.1 14310.3 11200.6 6650.38 19379.7 1121.23 4671.07 10363.3 17250.4 12077.9 5015.81 804.351 12826.7 19844.2 9857.65 15074.6 14690.9 2357.83 13079.9 13525.6 9915.14 2121.49 11260.1 7448.64 7530.77 7936.89 4504.63 7013.48 14127.2 3667.73 15926.2 16989.5 18886.3 5709.37 12504.2 15067.5 14678.7 11343 109 0 0 0 0 0 0 
0 978.035 19033 5160.91 15657.4 12740.2 8071.53 5462.79 6548.95 19952.9 6626.39 6380.7 10909.6 19.1773 1049.93 5985.63 2542.82 9161.06 8110.16 13099.9 2342.63 9155.02 8807.56 19438.8 16635.6 6386.99 2778.43 17537.8 3494.09 6096.64 18974.6 13985 12339.9 4764.41 2088.51 6964.55 9940.72 5910.41 8900.27 15351.5 15027.9 3478.51 12193.8 454.483 9199.74 11109.1 1167.72 9247.39 7334.36 6678.48 15542.1 9509.43 19399.1 12279.6 17355.7 3902.18 1918.63 9692.09 9712.1 15216.8 13577.8 6277.02 1687.39 17065.9 8342.96 10735.4 13286.6 15345.3 1632.74 360.907 13028.6 11000.8 17337.2 7814.3 16500 2477.66 2321.43 8813.7 7434.97 12904.1 650.081 15424.2 18152.6 19450.8 15982.5 4169.99 5468.47 13496.2 16626.3 2264.4 13666.9 19065.5 2958.92 13042.9 8683.5 11820.2 13182.1 19371.2 8943.89 4962.02 11798 13292.4 4663.35 13073.7 18754.7 2979.48 2877.11 1120.17 7599.99 4773.75 13693.7 4767.61 6487.69 3814.21 7229.81 15807.2 3202.15 1956.98 11805.4 5834.59 1835.3 8229.52 5727.45 9348.71 18916.8 7784.76 13204.7 3806.33 394.234 9461.04 15879.7 602.235 3633.26 11352.1 2724.96 4960.19 7449.78 19962.5 7497.48 13435.7 18963.1 5494.09 8067.97 7336.73 12559.8 13858.5 15665.2 4163.08 10358.9 5123.75 12677.3 4389.43 11892.6 1324.36 1779.93 5624.36 1742.88 4493.43 4850.26 3411.47 1019.21 10997.8 18435 8012.68 597.663 19103.9 9057.01 19731.8 7285.3 904.605 18905.3 6718.23 7319.93 4836.78 10227.4 2272.66 6088.18 3113.43 7491.08 4068.9 6790.42 13673.1 2680.05 19605.2 14280.2 17459.8 10675.1 741.892 19669.7 18879 8758.05 12052.8 9802.6 7967.36 1824.38 17074.8 12507.1 18619.9 2949.38 13163.7 2897.28 7151.26 5694.19 7180.79 1289.83 15730.3 8097.58 12456.5 3718.81 10491 8658.07 3729.42 17187.8 19875.7 3818.23 19031.1 1701.48 13635 16770 11585.4 897.873 15640.3 6533.84 18212.1 9848.98 6583.57 2264 0 0 0 0 0 0 0 
0 2216.62 13492.8 3837.13 13546 2757.05 6912.92 10117.7 11581.6 13212.6 6297.7 16662.2 19.1773 273.702 14347 18458.7 11396.1 10797.9 19960 12800.8 15585.4 17156.5 14364.3 3083.13 3302.32 19691.4 2965.77 638.472 6569.45 7025.25 6594.43 8945.81 18163.8 4228.93 5569.68 15963 10049.4 12060.2 4544.92 277.675 9427.56 12731.6 13724 19439 3720.09 9916.62 15916.9 11272.3 7260.07 14282.4 4029.2 18708.7 16516 17951.7 7197.48 10614.2 18073.2 984.305 4760.44 10506.2 18708.2 14145 7710.33 5385.73 6895.75 3854.86 13966 18528 17298.9 5771.67 8711.93 9759.92 14193.8 3339.75 5091.07 12215 14396.8 3184.07 11271.2 11125.3 10547.4 15614.9 11789.4 4878.3 6042.63 11020.1 8252.42 10430.2 5604.26 1331.74 19237.7 14229.1 3235.97 15518.6 944.364 2193.79 9443.43 235.941 13838.8 18401.7 3203.47 13834.4 13397.5 12442.6 18683.3 15301.2 15938.4 17543.8 18571 16720.4 15943 10390.6 14984.2 10963.1 9729.57 12063.7 15912.7 4670.46 18507.7 16471 3455.85 4748.66 6854.66 18874.5 10790.1 19860.9 15407 15094.3 5793.17 8232.76 11788.3 5575.07 11219.6 5755.15 16696.6 19591.5 3011.43 1243.26 4476.07 11526.1 14832.2 13450 2547.27 9378.13 5382.29 17553.4 11300.6 5193.97 3137.99 5023.05 17617.9 17855 19810.4 5444.21 16306.8 6186.24 13842.3 3589.43 13263.2 9737.98 534.208 8841.54 19248.9 2997.94 2020.51 7251.9 4493.06 19566.7 19994.8 18412.3 10757.6 6790.64 16881.7 18929.3 4746.32 13689.9 16151.5 13739.6 10626.8 320.344 8118.17 2266.41 5284.3 9435.87 7085.08 546.169 5903.65 2121.79 7685.81 8036.69 5361.9 5169.4 2777.23 14749.8 4582.04 3357.23 2446.59 7628.88 8218.7 6612.48 4277.11 2557.39 18678.1 10091.8 6235.51 52.7152 11807.5 14384.4 8120.33 12457.3 4168.35 5638.73 19799.6 13265.9 8826.66 14238.3 14438.3 5653.23 6468.93 9793.94 9851.04 5565.62 16905.1 8056.1 9581.94 2466 2 0 0 0 0 0 0 0 
0 3310.56 16217.8 8167.59 1164.8 9649.5 18662.8 3522.72 19927.3 14042.1 19897.6 6732.6 1049.93 14347 11383.8 4145.55 13859.5 12650.2 4664.44 14409.2 13584.6 13051.2 8219.3 7162.77 4974.72 2636.54 5065.83 2829.74 17386.8 7766.62 10899 11556.5 12811.6 9821.71 10584.1 9045.76 763.113 19501.3 18714.3 16873.1 16765.8 7338.39 12836.6 19668.7 13966 18775.5 7131.08 5100.23 8543.83 12446.2 5852.4 9880.11 6752.56 11960.5 18834.5 16061.5 13046.4 16949.8 1415.52 18321.8 14843.7 236.557 5195.4 2883.08 14600.8 1969.42 17109.9 3026.5 5605.41 12904.2 2255.03 8454.08 14401.5 166.305 11458.9 7386.34 5657.32 19067 5412.48 3017.62 2455.72 6405.84 11057.5 6554.44 15642.9 12627.7 2644.55 5873.31 17168.4 611.822 6610.87 1670.9 15646.7 1010.41 10757.4 8282.03 1301.98 18866.6 14618.4 14228.1 11611.5 2298.86 10338.2 5740.06 14636.3 17887.5 14443.8 7448.51 17472.5 1831.44 367.623 2375.86 4487.89 1337.14 13126.7 14595.7 575.331 9794.7 14656.9 406.259 16296.9 13740 5886.06 10240.5 19197.9 9285.68 10955.8 6816.81 15050.2 11983.2 4859.43 9053.78 9749.28 1162.58 9730.74 15256.3 10820.2 7407.93 10685.7 16714.1 17702.8 3887.09 6160.57 7805.25 18272.1 8438.4 12774.4 15596.7 10461.5 17643.1 3010.82 4930.37 10645.9 16015.1 12833.3 15563.1 17539.1 19389.2 19315.7 17168.6 16297.9 7119.47 9755.85 8936.11 13823.6 9146.97 16308.6 1254.95 13829.5 8105.01 19297.2 9128.55 9307.89 4471.26 9432.18 932.199 14255.5 4332.07 13377.3 15084.5 13903.1 15478.6 15720.7 54.2424 6725.34 14659.1 3695.46 3274.14 1742.09 12589.6 19857.9 10724.8 19558 9476.05 5081.04 7542.51 13154.8 8939.63 12816.9 14804.6 18157.6 6193.18 7892.51 9276.26 19124 16310.7 18420.4 15819.4 5290.2 19018.3 16845 3205.25 2920.46 9440.81 19857.2 18262.4 6264.21 7882.07 955.091 13252.9 17930.2 7132.21 16063.7 5919.71 11735 38 0 0 0 0 0 0 0 0 
0 5425.55 4513.03 6805 6563.56 646.062 2870.62 8182.2 14397.2 4084.53 9587.15 3017.79 5985.63 18458.7 4145.55 6055.08 6511.05 8911.7 1370.43 2061.39 2335.1 17334 2494.99 13692.8 18428.6 6428.65 15428.2 2249.81 8858.73 14732.1 14365.3 8480.32 3586.28 15317.4 10195.3 1680.66 8594.98 8920.42 9027.96 7055.09 10177.2 12737.2 3996.92 14430.3 10829.8 7473.14 18620.2 15519.1 13233.9 10992.4 2281.93 10959.6 5464.71 7805.48 19108.6 14552.7 12809.2 1559.02 18828.5 9593.91 13450.4 19017.8 8422.35 19369.2 4585.8 18499.5 5219.1 12956.6 9116.55 16927.4 15402.3 16834.7 9235.44 4483.63 11260.3 16944 14502.2 2463.27 8907.75 5810.07 11964.4 6116.07 15025 9060.17 8718.21 15404.2 5841.56 17849.7 8640.4 9448.4 19125.2 17250.5 18913.6 19635.1 18913.4 4463.12 7075.84 10846.6 2288.19 15819.2 9179.67 18737 10744.4 8777.29 5046.95 19897.4 9371.15 14248.3 7438.66 16768 10270.2 19737.1 2225.57 2644.79 9173.22 11545.7 535.486 17709.3 4085.27 17531.1 19183.6 13870 16959.4 4963.47 13774.5 320.198 14255 15634.9 17473 10789.9 9347.45 19132.1 9686.59 17543.5 5317.88 12747.6 331.673 4814.84 9235.44 16463.5 719.863 17979 8473.53 16437.2 5023.53 16136.6 17470.7 19960.1 3195 10113.7 15068.9 7350.24 16498.3 12339.8 16789.8 13176 9623.84 1051.24 9189.72 11037 92.6517 9901.32 6842.51 16342.5 5840.45 2115.27 16378.4 3733.05 1182.5 3349.53 16805.7 3730.73 17763.6 9873.38 14301.8 5539.38 9741.06 3392.43 11129.7 7645.14 7139.6 17401.1 6980.16 14288.1 1232.41 988.863 17478.7 10590.6 16556 17114.5 15624.9 15729.2 4707.69 7852.44 5943.19 4169.71 12771.6 3945.06 7244.03 13181.4 18931.6 5166.78 14806 8824.82 12682.3 10514.4 6417.6 11257.9 4381.08 9669.8 4610.35 5308.15 18097.8 9196.83 18418.1 19233.3 13413.4 5238.33 2712.88 18767.1 4853.09 9310.09 5316.18 15504.9 618 0 0 0 0 0 0 0 0 0 
0 6494.7 16509 6553.14 11430 6323.29 40.1498 7041.66 15375 17835.9 416.602 5989.14 2542.82 11396.1 13859.5 6511.05 644.645 10228.4 15948.5 3776.84 8027.13 5424.02 1575.28 8794.39 4030.86 1809.75 6871.49 14035.7 1107.94 6772.46 7695.81 1880.92 17662.7 10248.5 11507.5 7388.04 18364.6 4388.7 12212.6 17599.3 7112.98 8730.99 16622.2 18850.7 19265.6 8024.61 19124 5169.46 316.016 10843.4 6133.22 7538.7 13129.1 9109.07 17140.5 3876.13 17150.2 604.872 1478.62 13048.9 9205.27 3810.4 11615.6 18033.8 16809.3 18579.3 15344.6 15716.2 19546.8 14781.6 18777.1 15674.1 17118 9324.13 3935.17 15415.6 17158.4 802.617 13416 16887.9 3726.86 6069.37 11002.6 18216.1 13512.8 3585.8 12005.2 9666.17 13007.3 10125.4 5911.65 15233.1 18451.7 8915.18 8806.85 8694.02 1218.54 12085 10361.8 842.548 12439 9964.73 19850 13932.4 13840.9 12563.9 637.109 13640.2 4209.33 4334.88 19644.1 8190.91 14118.7 2895.05 16160.1 8056.41 1132.06 10704 6549.43 13984.6 6938.81 6689.5 15512.7 8445.03 15379.6 1932.01 7186.94 65.8247 19505.5 1891.61 14501.3 18169.8 10976 6150.73 2072.94 1413.86 9990.52 15784.4 3359.37 5125.19 11067.8 5035.77 17048.4 13639.7 19279.3 1004.17 12938.6 2242.6 15421.5 9239.78 13831.8 3058.14 585.037 6573.11 14642.6 3145.92 11304.7 18035.8 17685.9 982.171 12113.1 15834.7 4022.9 7488.47 1855.49 19654.2 2103.1 2331.78 7634.93 57.7328 2121.02 4710.34 6172.04 10593.9 8910.82 3597.31 16949.2 2799.34 11327.6 2342.97 13058.3 4853.31 3745.19 11933.7 2540.58 3015.41 2107.09 10371.1 21.7045 4792.73 18387.3 18827.3 65.9242 16359.1 945.437 8297.96 10778.9 7395.79 8317.06 6900.63 8542.54 5596.78 9143.4 12405.8 4258.42 19953.4 10823.3 12024.8 18305.4 4484.98 12532.9 3158.97 16986.5 15289.8 13008.3 11498.8 13800 3219.54 7139.47 13496.4 9885.17 1009.52 1480.28 9207 0 0 0 0 0 0 0 0 0 0 
0 19420.7 10398.4 7596.4 12575.9 11948.6 2806.34 9624.87 9679.23 14857.6 19764 8657.91 9161.06 10797.9 12650.2 8911.7 10228.4 1043.15 14817.1 10063.9 11554.8 5199.45 3009.85 16348.3 18801.5 14381.8 8052.35 11289.6 7201.45 391.566 1899.66 15527.9 19566.7 19789.5 13457.5 12581.1 8958.86 3895.17 19769.1 1516.36 11629.2 14362.8 7381.65 15083.9 14536.3 11181.6 14495.3 16783 10547.2 8381.28 5669.41 12346.7 9665.98 13396.9 11120.1 4598.84 15306.5 7438.86 12197.5 18542.6 18546.7 5942.23 9110.18 908.298 12103.3 54.0814 18783.9 17388.9 13685.5 11836.9 593.807 9317.03 18369.1 867.316 15663 19247.3 234.712 12304.5 13235 11036.4 16753.4 14108.4 1444.8 3492.34 2415.62 7432.38 13353.3 18090.6 1897.7 12367.2 11022.1 4592.92 1139.2 19304.1 5292.28 3658.94 15096.5 18807.1 1318.29 18736 9352.37 8280.24 6403.69 15024.9 8384.71 15817.2 5885.16 6197.15 6524.89 16874.9 1935.12 7380.75 12446.6 484.868 14173.1 11075.8 12973.9 18516.6 16697.1 19092.2 12495.2 2341.27 16207.5 5413.25 13752.6 1547.31 16557.3 12417.2 4224.9 19944.5 9123.6 11476.6 5522.51 9157.73 5197.99 15796 19821.2 14182.5 2477.14 5101.97 7642.3 7095.55 16416.8 19488.6 2101.88 4202.42 7535.57 6730.04 3713.63 13921.9 4166.14 15108.7 1221.67 8451 7883.74 12431.1 5378.46 19692.9 62.7827 5318.27 1823.58 965.12 9704.38 16896 11461.8 8075.72 11252.5 12044.2 3419.45 11488.6 12741.2 17879.5 16582.8 5755.59 6631.94 13464.8 13736.7 8330.6 16423.9 18132.9 11039.9 4344.97 384.998 3759.84 16939 4218.37 15759.5 5810.53 7981.15 3340.46 8601.71 7741.38 1021.28 10278.4 7339.42 13463.7 2067.04 643.182 6963.43 9997.03 16743.9 16364.2 12029.1 15880.6 7373.45 16860.4 3944.82 15871 10530.8 15153.8 2945.52 7375.37 11208.9 6308.11 6265.6 3016.89 6677.67 12990.2 18956.5 9209.66 8893.14 16700.2 7758 6 0 0 0 0 0 0 0 0 0 0 
0 13122.7 18549.9 9054 7499.27 15710.7 9483.41 11666.5 14285.8 12523.7 18459.8 5086.7 8110.16 19960 4664.44 1370.43 15948.5 14817.1 4687.55 390.093 14321.3 17334.1 3172.83 11294 13418.1 12780 3544.95 7488.44 18614.2 14929.8 18558.7 4952.12 11477.7 9684.32 1551.88 10638.9 2321.84 4837.91 9954.09 568.262 18400 7510.49 8926.55 18158.2 11660.6 11766.3 5511.77 8251.74 2544.16 13063.5 17687.1 1825.69 10410.6 15642.6 375.564 4093.52 7162.66 15182.6 17253.7 2585.67 2610.6 11264.1 15548.9 11174.9 516.738 4639.86 18466 14192.1 4578.04 10908.1 694.791 19845.8 6862.74 12855.9 8727.7 10637.2 11442.2 11751.3 19683 2219.89 17626.7 13523.7 12242.5 6635.93 3049.41 18868.8 16429.1 15350.4 13601.9 17350.9 5744.75 2498.84 499.121 19090.6 8400.58 10149.8 7366.32 2951.07 9901.15 18033.4 2912.97 2599.07 5749.38 4161.44 17555.3 13026.3 13738.4 11928.2 12295.9 17144.7 2301.71 14308.1 14926 1420.76 16635.4 12323 663.556 10542.7 19677.3 7443.23 17263.7 6073.2 624.111 18032.9 16660 11507.5 15326.7 4200.93 4067.98 9329.67 13867.9 5645.51 18741.5 2635.43 15094.8 14578.8 8111.06 5758.45 1865.41 15879.9 12980 10866.5 8915.17 11540.6 3996.07 4169.42 16604.2 11370.6 16215.6 11032.6 10987.6 8326.69 18375.7 3364.13 8522.43 17397.3 18023.5 11843.5 9409.93 5325.76 4132.79 7958.42 17104.7 19216 2553.28 13476 16830.9 17268.8 8899.78 1846.91 15523.1 16204.8 15914.1 4856.25 8150.37 763.275 18438.3 7174.39 9160.6 6482.94 10677.6 4278.25 17672.4 13891.5 16845.5 8084.89 3657.21 9434.86 3894.05 13004.9 18418.2 1419.48 12764.7 3110.92 7824.01 14149.3 9923.8 13217.6 18377.4 2770.49 19170.1 15211.7 14435.5 18803 2444.4 7408.06 17836.8 6398.07 13853.2 16317.6 15110.8 15599.4 13513.6 14143.3 13918.6 2266.07 4755.46 19198.2 9459.59 12222.9 19654.7 863.983 89 0 0 0 0 0 0 0 0 0 0 0 
0 417.544 1751.72 11299 4383.4 6029.51 5726.45 12678.3 4354.95 2403.24 19110.3 18968.8 13099.9 12800.8 14409.2 2061.39 3776.84 10063.9 390.093 10587.8 12898.9 12549.4 15489.1 8946.93 19890.6 4274.76 7954.2 15612.4 3009.72 5484.93 17033.8 8974.89 14506.7 14510 8575.61 11542.5 19923.4 10239.8 14805.3 11765.2 17192.1 10814.2 5535.71 12827.5 13401.7 12175 13253.4 17657.3 18948.8 11955.5 1139.53 19433.1 5640.14 9431.62 14072.6 6598.05 12948.7 1454.64 5355.86 15479.1 5185.98 8572.53 2876.97 3244.24 9888.71 15774.3 1977.02 11742.7 18515.5 4430.68 11738.6 6489.29 2400.31 8977.55 3936.62 19047.4 8467.16 12868.4 14743.3 467.907 507.185 17705.5 13685.1 8215.17 5981.5 7660.63 314.643 19499.3 10356 7324.53 9843.39 4392.18 18419 13434.3 8088.9 5944.58 11298.8 8910.36 8585.29 8689.36 14202 12713.8 18967 8881.32 1448.58 4698.46 1431.88 10137.5 17899.1 7094.8 11159.8 13358.3 890.352 14125.9 4994.22 1365.31 4664.61 3028.9 524.749 4646.79 106.344 19543.8 3658.69 13111.1 19410.8 5515.96 8122.29 14323.7 7457.24 4337.04 6859.64 664.616 14180.2 984.641 5001.37 6565.2 7646.37 631.906 5670.4 12023 15278.2 4350.03 12875.1 2356.16 11501.2 4167.11 2427.52 2088.82 13194.6 11538.4 5012.48 2382.43 7176.66 4055.86 817.494 18603.1 18540.5 14279.2 19220.2 16595.6 12736.6 3998.45 10921.2 19716.2 17320.1 13973.9 12868.2 17788.7 16323.9 3503.23 8759.98 3456.19 15607.9 5855.68 19444.1 6552.77 1337.66 14509.5 3064.03 19373.2 2694.09 5064.83 4278.31 9380.6 3603.71 398.602 14556.3 15081.1 14522.4 11525.3 12109.1 4872.89 8706.31 17827.9 17905 9395.81 16819.5 8652.2 10226.3 6812.61 8092.67 2233.48 3510.06 13988.8 15087.6 12566.3 13255.3 12212.3 8122.8 7619.04 596.544 18181.1 15731.9 13547.7 9388.13 3205.83 10438.3 9725.77 14710 2476.45 19469.8 1097 0 0 0 0 0 0 0 0 0 0 0 0 
0 15668.6 13293.4 12011.5 19527.3 12055.7 1944.75 9175.2 13343.4 5334.65 13307.3 739.963 2342.63 15585.4 13584.6 2335.1 8027.13 11554.8 14321.3 12898.9 6655.38 4887.89 6126.09 8149.85 16649.1 11175.1 34.4403 11453.7 18668.9 17089.7 14837.8 18468.1 2487.78 2059.05 7367.29 7195.94 17666.6 16521.2 1472.98 17300.1 6919.03 2726.06 7502.12 6601.08 18659.1 3938.5 12953.9 2050.52 14850.9 9942.47 11709.4 13291.5 14952.5 13335.4 19126.2 12944.7 5389.34 13840.8 11767.7 9448.37 18755 3016.81 4227.85 17016.5 19198.6 13845 17005.9 950.802 9226.53 6218.44 15926.5 1046.47 4916.97 3101.64 503.601 9812.87 7422.83 211.016 5325.04 15956 14179.4 3716.65 957.124 18127.5 154.146 15023 14100.2 7985.28 10867.5 5493.17 6579.94 16950.9 6710.46 787.002 6641.35 6788.06 6196.68 7388.46 3143.41 8182.34 98.3804 2204.99 6346.62 17907.4 14048 14209 19935.7 25.4968 19730.1 535.494 16497.6 7953.42 10348 19334.3 3172.48 2678.84 7003.46 14010.6 16348.7 8384.69 14895 8293.38 19458.2 10592.7 19535.2 18213.4 13206.7 4132.03 13469.3 13109.1 17018.3 18384.1 7374.53 4690.03 12397.1 5399.74 16527 19010.3 5772.43 1368.02 11243 17488.2 8117.6 16649.9 5658.8 12226.4 12939.5 148.165 67.8655 18122.3 3529.3 10826.3 9812.53 12758.9 8091.74 6352.42 7145.81 13676.6 6268.98 4852.97 4482.89 5749.36 11271.1 11717.5 6727.49 16532.8 17312.3 11653.8 7324.79 19989.6 11679.9 6015.78 14172.5 18823.5 16298 19405.1 8682.06 13395.2 10244.6 15528.5 14183.3 14135.3 3632.87 1574.1 8831.27 18196.9 70.1452 18668 14441.7 2827.28 6160.72 18496.9 2436.78 19806.9 6115.21 15461.2 8375.47 5270.25 3675.55 11694.6 2709.4 14847.2 12543 5021.35 15914.2 7818.87 13654.8 10897.7 8257.06 645.786 13899.9 14005.4 17500.6 19591.1 6249.24 13392.1 3406.3 5921.58 4217.93 18111.7 12712 0 0 0 0 0 0 0 0 0 0 0 0 0 
0 4565.81 18524.8 1632.33 10015 7705.47 16889.9 14425.6 13225.9 9767.78 10035 7789.38 9155.02 17156.5 13051.2 17334 5424.02 5199.45 17334.1 12549.4 4887.89 9103.74 9836.3 958.358 16557.2 6770.92 1119.94 1466.13 11875.5 16637.7 7264.22 19269.9 18576.6 15039 16693.3 2108.54 8617.8 4305.16 4686.36 16583.4 10223.5 8212.66 14680.4 7952.59 16919.3 4898.73 1523.76 4145.9 8644.03 7823.41 11932.4 4945.33 11381.9 7073.22 19950.4 8905.52 15342.3 2278.11 12668.6 9458.44 10022.7 2864.23 9488.29 3378.45 13473 7868.85 8434.76 13675.7 9949.32 17895.2 2286.96 18858.7 7858.07 6213.69 3054.24 16672.9 8727.89 11706.9 18416.8 19767.8 19322.7 7195.2 16502.9 5547.5 17776.3 5024 17216.8 173.282 8717.07 2366.38 11114.3 15357.2 273.774 18225.3 5646.34 4737.92 7737 13495.1 853.017 1941.68 16302.9 2223.68 18334.9 17449.9 13872.6 13753.3 18189.4 23.9406 4219.89 6267.89 10492.3 10493.7 13295 14954.8 16694.8 13242.4 7891.82 11004.4 6364.32 15549.9 17063.8 6746.64 18921.7 12218 1515.52 15524.9 4679.97 14096.7 232.831 10492.9 11942.4 7633.18 2555.88 842.324 14681.5 3590.34 17110.5 783.253 1095.87 6472.38 7353.75 2296.55 19393.3 19049.4 6889.2 8513.5 6263.17 17017.3 7954.1 12633.1 2879.11 19757.3 9645.92 7342.4 9330.23 10315 12434.6 7727.6 12203 12107.2 13915.9 15965.9 8246.24 891.35 15665.2 11501.1 2162.4 10970 14283.8 4040.03 12098.5 8373.04 77.2301 17815.2 19905 2079 9721.02 7555.78 4248.17 8090.01 1074.67 10429.3 12168.8 12920.9 17865.1 14070.7 1764.56 1283.37 3934.6 18384.3 4476.28 1553.29 13537.9 17503.7 9172.71 4848.18 19600.3 3589.07 19003.5 4397.93 8770.85 19205.9 16008.7 2640.02 7261.82 17161.6 11305.1 12277.9 3601.16 4352.54 3131.79 5657.15 11986.4 18316.1 19098.1 19393.1 11993.8 774.789 1420.5 19216 6 0 0 0 0 0 0 0 0 0 0 0 0 0 
0 16979.5 18196.1 8884.85 9512.71 5721.72 13661.5 11415.8 18428 14383.1 19222.1 12762.1 8807.56 14364.3 8219.3 2494.99 1575.28 3009.85 3172.83 15489.1 6126.09 9836.3 2455.67 15550.2 947.533 19611.6 4618.57 3531.54 12535.4 15397.3 1760.12 229.653 3950.32 9237.73 3397.43 9000.63 6433.49 11761.5 17728.4 3953.75 192.372 15216.6 12891.3 6779.81 7598.67 11942 2992.1 19939 19230.6 988.957 5255.87 5271.03 10163.9 14276.8 13678.2 17871 1195.26 9458.12 3240.1 2503.36 374.317 16892.8 17890.1 5977.27 8238.33 4693.4 15574.5 18033.1 5900.56 19.9157 1965.7 1384.32 16373.6 17323.1 16292.2 12474.6 12984.4 14110.8 12348.4 1854.8 4292 14267 12299.4 11812.1 4724.65 8079.16 704.211 11033.8 16567.4 445.971 3117.58 1258.64 12737.1 18756.2 4514.56 18185.3 12075.1 2356.35 15146.4 1080.84 3583.85 14301 4801.24 18730 16288.2 10427.5 4256.2 10562.3 1460.37 4573.47 8606.46 12754.2 6399.79 18962.7 19061.5 6696.3 14007.8 4227 9073.77 9701.95 14231.8 11872.8 14695.4 15963.3 14322.1 18693.5 18956.7 5993.92 4231.16 18972 13079.2 7088.33 19137.7 16413.9 16862.9 8870.21 19511.1 19216.3 14674.4 17314.9 17226.1 14231.2 14426.6 7455.54 10250.6 50.6088 15252.9 3350.96 13863 10325.3 15485.9 2227.08 462.776 7631.48 9142.14 1526.67 4565.73 3665.47 18650.5 19783.3 11239.3 12691.5 782.027 5620.17 6949.11 17711.7 747.426 15887.7 14470.3 2241.14 10815.4 4150.81 16777.9 5530.55 18242.3 5641.57 2579.19 13115.6 19732.6 16341.5 17727.3 8901.51 15477.5 19170.2 4922.26 12385.4 16917.4 1639.57 840.368 9491.57 1055.81 18377.7 17481.5 17636.1 8769.44 13701.9 9055.75 15053.6 19134 12366.8 13186.1 11793.8 16336 8667.87 2689.13 852.381 11674.1 5630.84 445.021 16881.6 9879.42 12175.3 1111.42 156.879 14697.9 14742.1 10834.3 14680.5 5203.99 78 0 0 0 0 0 0 0 0 0 0 0 0 0 0 
