0 0 0 0 0 0 0 0 0 0 0 0 0 0 0 0 0 0 0 0 0 0 0 0 0 0 0 0 0 0 0 0 0 0 0 0 0 0 0 0 0 0 0 0 0 0 0 0 0 0 0 0 0 0 0 0 0 0 0 0 0 0 0 0 0 0 0 0 0 0 0 0 0 0 0 0 0 0 0 0 0 0 0 0 0 0 0 0 0 0 0 0 0 0 0 0 0 0 0 0 0 0 0 0 0 0 0 0 0 0 0 0 0 0 0 0 0 0 0 0 0 0 0 0 0 0 0 0 0 0 0 0 0 0 0 0 0 0 0 0 0 0 0 0 0 0 0 0 0 0 0 0 0 0 0 0 0 0 0 0 0 0 0 0 0 0 0 0 0 0 0 0 0 
0 0 0 0 0 0 0 0 0 0 0 0 0 0 0 0 0 0 0 0 0 0 0 0 0 0 0 0 0 0 0 0 0 0 0 0 0 0 0 0 0 0 0 0 0 0 0 0 0 0 0 0 0 0 0 0 0 0 0 0 0 0 0 0 0 0 0 0 0 0 0 4 8 8 12 12 16 16 16 16 16 16 16 16 16 16 16 16 16 16 16 16 16 16 16 16 16 12 12 8 8 4 0 0 0 0 0 0 0 0 0 0 0 0 0 0 0 0 0 0 0 0 0 0 0 0 0 0 0 0 0 0 0 0 0 0 0 0 0 0 0 0 0 0 0 0 0 0 0 0 0 0 0 0 0 0 0 0 0 0 0 0 0 0 0 0 0 0 0 0 0 0 0 
0 0 0 0 0 0 0 0 0 0 0 0 0 0 0 0 0 0 0 0 0 0 0 0 0 0 0 0 0 0 0 0 0 0 0 0 0 0 0 0 0 0 0 0 0 0 0 0 0 0 0 0 0 0 0 0 0 0 0 0 0 0 0 0 0 0 4 8 12 12 16 24 28 32 36 40 44 48 52 52 52 52 52 52 52 52 52 52 52 52 52 52 52 52 52 48 44 40 36 32 28 24 16 12 12 8 4 0 0 0 0 0 0 0 0 0 0 0 0 0 0 0 0 0 0 0 0 0 0 0 0 0 0 0 0 0 0 0 0 0 0 0 0 0 0 0 0 0 0 0 0 0 0 0 0 0 0 0 0 0 0 0 0 0 0 0 0 0 0 0 0 0 0 
0 0 0 0 0 0 0 0 0 0 0 0 0 0 0 0 0 0 0 0 0 0 0 0 0 0 0 0 0 0 0 0 0 0 0 0 0 0 0 0 0 0 0 0 0 0 0 0 0 0 0 0 0 0 0 0 0 0 0 0 0 0 4 8 12 16 24 32 36 40 48 56 64 72 80 84 92 96 100 104 108 108 108 108 108 108 108 108 108 108 108 108 108 104 100 96 92 84 80 72 64 56 48 40 36 32 24 16 12 8 4 0 0 0 0 0 0 0 0 0 0 0 0 0 0 0 0 0 0 0 0 0 0 0 0 0 0 0 0 0 0 0 0 0 0 0 0 0 0 0 0 0 0 0 0 0 0 0 0 0 0 0 0 0 0 0 0 0 0 0 0 0 0 
0 0 0 0 0 0 0 0 0 0 0 0 0 0 0 0 0 0 0 0 0 0 0 0 0 0 0 0 0 0 0 0 0 0 0 0 0 0 0 0 0 0 0 0 0 0 0 0 0 0 0 0 0 0 0 0 0 0 0 4 8 16 24 32 40 48 60 68 76 84 96 108 116 128 136 144 152 160 168 176 180 184 184 184 184 184 184 184 184 184 184 184 180 176 168 160 152 144 136 128 116 108 96 84 76 68 60 48 40 32 24 16 8 4 0 0 0 0 0 0 0 0 0 0 0 0 0 0 0 0 0 0 0 0 0 0 0 0 0 0 0 0 0 0 0 0 0 0 0 0 0 0 0 0 0 0 0 0 0 0 0 0 0 0 0 0 0 0 0 0 0 0 0 
0 0 0 0 0 0 0 0 0 0 0 0 0 0 0 0 0 0 0 0 0 0 0 0 0 0 0 0 0 0 0 0 0 0 0 0 0 0 0 0 0 0 0 0 0 0 0 0 0 0 0 0 0 0 0 0 4 8 16 24 32 44 60 72 84 96 108 120 132 144 160 172 184 196 208 220 232 244 256 268 272 276 280 280 280 280 280 280 280 280 280 276 272 268 256 244 232 220 208 196 184 172 160 144 132 120 108 96 84 72 60 44 32 24 16 8 4 0 0 0 0 0 0 0 0 0 0 0 0 0 0 0 0 0 0 0 0 0 0 0 0 0 0 0 0 0 0 0 0 0 0 0 0 0 0 0 0 0 0 0 0 0 0 0 0 0 0 0 0 0 0 0 0 
0 0 0 0 0 0 0 0 0 0 0 0 0 0 0 0 0 0 0 0 0 0 0 0 0 0 0 0 0 0 0 0 0 0 0 0 0 0 0 0 0 0 0 0 0 0 0 0 0 0 0 0 0 0 4 12 20 32 44 60 72 88 108 124 140 156 172 188 204 220 236 252 268 284 300 316 332 348 364 376 384 388 392 396 396 396 396 396 396 396 392 388 384 376 364 348 332 316 300 284 268 252 236 220 204 188 172 156 140 124 108 88 72 60 44 32 20 12 4 0 0 0 0 0 0 0 0 0 0 0 0 0 0 0 0 0 0 0 0 0 0 0 0 0 0 0 0 0 0 0 0 0 0 0 0 0 0 0 0 0 0 0 0 0 0 0 0 0 0 0 0 0 0 
0 0 0 0 0 0 0 0 0 0 0 0 0 0 0 0 0 0 0 0 0 0 0 0 0 0 0 0 0 0 0 0 0 0 0 0 0 0 0 0 0 0 0 0 0 0 0 0 0 0 0 0 4 12 24 36 52 72 88 108 128 148 172 192 212 232 252 272 292 312 332 352 372 392 412 432 452 472 488 504 512 520 524 528 532 532 532 532 532 528 524 520 512 504 488 472 452 432 412 392 372 352 332 312 292 272 252 232 212 192 172 148 128 108 88 72 52 36 24 12 4 0 0 0 0 0 0 0 0 0 0 0 0 0 0 0 0 0 0 0 0 0 0 0 0 0 0 0 0 0 0 0 0 0 0 0 0 0 0 0 0 0 0 0 0 0 0 0 0 0 0 0 0 
0 0 0 0 0 0 0 0 0 0 0 0 0 0 0 0 0 0 0 0 0 0 0 0 0 0 0 0 0 0 0 0 0 0 0 0 0 0 0 0 0 0 0 0 0 0 0 0 0 0 4 12 24 40 56 76 100 124 148 172 200 224 252 280 304 328 352 376 400 424 448 472 496 520 544 568 592 616 632 648 660 672 676 680 684 688 688 688 684 680 676 672 660 648 632 616 592 568 544 520 496 472 448 424 400 376 352 328 304 280 252 224 200 172 148 124 100 76 56 40 24 12 4 0 0 0 0 0 0 0 0 0 0 0 0 0 0 0 0 0 0 0 0 0 0 0 0 0 0 0 0 0 0 0 0 0 0 0 0 0 0 0 0 0 0 0 0 0 0 0 0 0 0 
0 0 0 0 0 0 0 0 0 0 0 0 0 0 0 0 0 0 0 0 0 0 0 0 0 0 0 0 0 0 0 0 0 0 0 0 0 0 0 0 0 0 0 0 0 0 0 0 4 12 24 40 60 80 104 132 164 192 224 252 284 316 348 380 412 444 472 500 528 556 584 612 640 668 696 724 752 776 796 816 828 840 848 852 856 860 864 860 856 852 848 840 828 816 796 776 752 724 696 668 640 612 584 556 528 500 472 444 412 380 348 316 284 252 224 192 164 132 104 80 60 40 24 12 4 0 0 0 0 0 0 0 0 0 0 0 0 0 0 0 0 0 0 0 0 0 0 0 0 0 0 0 0 0 0 0 0 0 0 0 0 0 0 0 0 0 0 0 0 0 0 0 0 
0 0 0 0 0 0 0 0 0 0 0 0 0 0 0 0 0 0 0 0 0 0 0 0 0 0 0 0 0 0 0 0 0 0 0 0 0 0 0 0 0 0 0 0 0 0 4 12 24 40 60 84 108 136 168 204 240 276 312 348 388 424 464 500 536 572 608 644 676 708 740 772 804 836 868 900 932 956 980 1000 1016 1028 1040 1044 1048 1052 1056 1052 1048 1044 1040 1028 1016 1000 980 956 932 900 868 836 804 772 740 708 676 644 608 572 536 500 464 424 388 348 312 276 240 204 168 136 108 84 60 40 24 12 4 0 0 0 0 0 0 0 0 0 0 0 0 0 0 0 0 0 0 0 0 0 0 0 0 0 0 0 0 0 0 0 0 0 0 0 0 0 0 0 0 0 0 0 0 0 0 
0 0 0 0 0 0 0 0 0 0 0 0 0 0 0 0 0 0 0 0 0 0 0 0 0 0 0 0 0 0 0 0 0 0 0 0 0 0 0 0 0 0 0 0 4 12 24 40 60 84 112 140 172 208 248 292 332 376 420 460 504 548 592 636 680 720 764 804 844 880 916 952 988 1024 1060 1096 1128 1156 1184 1204 1224 1236 1248 1256 1260 1264 1268 1264 1260 1256 1248 1236 1224 1204 1184 1156 1128 1096 1060 1024 988 952 916 880 844 804 764 720 680 636 592 548 504 460 420 376 332 292 248 208 172 140 112 84 60 40 24 12 4 0 0 0 0 0 0 0 0 0 0 0 0 0 0 0 0 0 0 0 0 0 0 0 0 0 0 0 0 0 0 0 0 0 0 0 0 0 0 0 0 0 0 0 0 
0 0 0 0 0 0 0 0 0 0 0 0 0 0 0 0 0 0 0 0 0 0 0 0 0 0 0 0 0 0 0 0 0 0 0 0 0 0 0 0 0 0 4 12 24 40 60 84 112 144 176 212 252 296 344 392 440 492 540 588 640 688 740 788 836 884 932 980 1024 1068 1112 1152 1192 1232 1272 1308 1344 1376 1404 1428 1448 1464 1476 1488 1492 1496 1500 1496 1492 1488 1476 1464 1448 1428 1404 1376 1344 1308 1272 1232 1192 1152 1112 1068 1024 980 932 884 836 788 740 688 640 588 540 492 440 392 344 296 252 212 176 144 112 84 60 40 24 12 4 0 0 0 0 0 0 0 0 0 0 0 0 0 0 0 0 0 0 0 0 0 0 0 0 0 0 0 0 0 0 0 0 0 0 0 0 0 0 0 0 0 0 
0 0 0 0 0 0 0 0 0 0 0 0 0 0 0 0 0 0 0 0 0 0 0 0 0 0 0 0 0 0 0 0 0 0 0 0 0 0 0 0 4 12 24 40 60 84 112 144 180 216 256 300 348 400 456 508 564 620 676 732 788 844 900 956 1012 1068 1120 1172 1224 1276 1324 1372 1416 1460 1500 1540 1580 1616 1644 1672 1692 1712 1724 1736 1744 1748 1752 1748 1744 1736 1724 1712 1692 1672 1644 1616 1580 1540 1500 1460 1416 1372 1324 1276 1224 1172 1120 1068 1012 956 900 844 788 732 676 620 564 508 456 400 348 300 256 216 180 144 112 84 60 40 24 12 4 0 0 0 0 0 0 0 0 0 0 0 0 0 0 0 0 0 0 0 0 0 0 0 0 0 0 0 0 0 0 0 0 0 0 0 0 0 0 0 0 
0 0 0 0 0 0 0 0 0 0 0 0 0 0 0 0 0 0 0 0 0 0 0 0 0 0 0 0 0 0 0 0 0 0 0 0 0 0 4 12 24 40 60 84 112 144 180 220 260 304 352 404 460 520 580 640 704 768 832 892 956 1020 1080 1144 1204 1264 1324 1384 1444 1504 1556 1608 1656 1704 1748 1792 1836 1872 1904 1932 1956 1976 1992 2008 2016 2020 2024 2020 2016 2008 1992 1976 1956 1932 1904 1872 1836 1792 1748 1704 1656 1608 1556 1504 1444 1384 1324 1264 1204 1144 1080 1020 956 892 832 768 704 640 580 520 460 404 352 304 260 220 180 144 112 84 60 40 24 12 4 0 0 0 0 0 0 0 0 0 0 0 0 0 0 0 0 0 0 0 0 0 0 0 0 0 0 0 0 0 0 0 0 0 0 0 0 0 0 
0 0 0 0 0 0 0 0 0 0 0 0 0 0 0 0 0 0 0 0 0 0 0 0 0 0 0 0 0 0 0 0 0 0 0 0 0 4 16 32 52 76 104 136 172 212 256 304 352 404 460 520 584 652 720 788 860 932 1000 1068 1140 1208 1276 1344 1412 1480 1548 1616 1684 1748 1808 1864 1916 1968 2016 2064 2108 2148 2184 2216 2240 2264 2280 2296 2308 2312 2316 2312 2308 2296 2280 2264 2240 2216 2184 2148 2108 2064 2016 1968 1916 1864 1808 1748 1684 1616 1548 1480 1412 1344 1276 1208 1140 1068 1000 932 860 788 720 652 584 520 460 404 352 304 256 212 172 136 104 76 52 32 16 4 0 0 0 0 0 0 0 0 0 0 0 0 0 0 0 0 0 0 0 0 0 0 0 0 0 0 0 0 0 0 0 0 0 0 0 0 0 
0 0 0 0 0 0 0 0 0 0 0 0 0 0 0 0 0 0 0 0 0 0 0 0 0 0 0 0 0 0 0 0 0 0 0 0 8 20 40 68 96 128 164 204 248 296 348 404 460 520 584 652 724 800 876 952 1032 1108 1184 1260 1336 1412 1488 1564 1640 1716 1792 1868 1940 2012 2076 2140 2196 2252 2304 2356 2404 2444 2484 2516 2544 2568 2588 2604 2616 2624 2628 2624 2616 2604 2588 2568 2544 2516 2484 2444 2404 2356 2304 2252 2196 2140 2076 2012 1940 1868 1792 1716 1640 1564 1488 1412 1336 1260 1184 1108 1032 952 876 800 724 652 584 520 460 404 348 296 248 204 164 128 96 68 40 20 8 0 0 0 0 0 0 0 0 0 0 0 0 0 0 0 0 0 0 0 0 0 0 0 0 0 0 0 0 0 0 0 0 0 0 0 0 
0 0 0 0 0 0 0 0 0 0 0 0 0 0 0 0 0 0 0 0 0 0 0 0 0 0 0 0 0 0 0 0 0 0 4 12 28 48 76 112 152 192 236 284 336 392 452 516 584 652 724 800 880 964 1048 1132 1216 1300 1384 1468 1552 1636 1720 1804 1888 1972 2056 2140 2216 2292 2364 2432 2496 2556 2612 2668 2716 2760 2800 2836 2868 2896 2920 2936 2948 2956 2960 2956 2948 2936 2920 2896 2868 2836 2800 2760 2716 2668 2612 2556 2496 2432 2364 2292 2216 2140 2056 1972 1888 1804 1720 1636 1552 1468 1384 1300 1216 1132 1048 964 880 800 724 652 584 516 452 392 336 284 236 192 152 112 76 48 28 12 4 0 0 0 0 0 0 0 0 0 0 0 0 0 0 0 0 0 0 0 0 0 0 0 0 0 0 0 0 0 0 0 0 0 0 
0 0 0 0 0 0 0 0 0 0 0 0 0 0 0 0 0 0 0 0 0 0 0 0 0 0 0 0 0 0 0 0 0 4 16 36 60 88 124 168 216 268 320 380 440 504 572 644 720 800 880 964 1052 1144 1236 1328 1420 1512 1604 1696 1788 1880 1972 2064 2156 2248 2340 2428 2512 2596 2672 2748 2816 2880 2940 2996 3048 3096 3140 3180 3216 3248 3272 3292 3304 3312 3316 3312 3304 3292 3272 3248 3216 3180 3140 3096 3048 2996 2940 2880 2816 2748 2672 2596 2512 2428 2340 2248 2156 2064 1972 1880 1788 1696 1604 1512 1420 1328 1236 1144 1052 964 880 800 720 644 572 504 440 380 320 268 216 168 124 88 60 36 16 4 0 0 0 0 0 0 0 0 0 0 0 0 0 0 0 0 0 0 0 0 0 0 0 0 0 0 0 0 0 0 0 0 0 
0 0 0 0 0 0 0 0 0 0 0 0 0 0 0 0 0 0 0 0 0 0 0 0 0 0 0 0 0 0 0 0 8 20 40 68 104 140 184 236 292 352 416 484 556 628 708 788 872 960 1052 1144 1240 1340 1444 1544 1644 1744 1844 1944 2044 2144 2244 2344 2444 2544 2644 2740 2828 2916 3000 3080 3156 3224 3288 3348 3404 3456 3504 3548 3588 3624 3648 3668 3684 3692 3696 3692 3684 3668 3648 3624 3588 3548 3504 3456 3404 3348 3288 3224 3156 3080 3000 2916 2828 2740 2644 2544 2444 2344 2244 2144 2044 1944 1844 1744 1644 1544 1444 1340 1240 1144 1052 960 872 788 708 628 556 484 416 352 292 236 184 140 104 68 40 20 8 0 0 0 0 0 0 0 0 0 0 0 0 0 0 0 0 0 0 0 0 0 0 0 0 0 0 0 0 0 0 0 0 
0 0 0 0 0 0 0 0 0 0 0 0 0 0 0 0 0 0 0 0 0 0 0 0 0 0 0 0 0 0 0 8 24 48 76 112 156 204 256 316 384 452 524 600 680 764 852 944 1040 1136 1236 1340 1444 1552 1664 1776 1884 1996 2104 2212 2320 2428 2536 2644 2752 2860 2968 3068 3164 3260 3348 3436 3516 3592 3660 3724 3784 3840 3892 3940 3984 4020 4048 4068 4084 4092 4096 4092 4084 4068 4048 4020 3984 3940 3892 3840 3784 3724 3660 3592 3516 3436 3348 3260 3164 3068 2968 2860 2752 2644 2536 2428 2320 2212 2104 1996 1884 1776 1664 1552 1444 1340 1236 1136 1040 944 852 764 680 600 524 452 384 316 256 204 156 112 76 48 24 8 0 0 0 0 0 0 0 0 0 0 0 0 0 0 0 0 0 0 0 0 0 0 0 0 0 0 0 0 0 0 0 
0 0 0 0 0 0 0 0 0 0 0 0 0 0 0 0 0 0 0 0 0 0 0 0 0 0 0 0 0 4 12 28 52 84 124 168 220 280 340 408 484 564 644 732 820 916 1012 1116 1220 1328 1436 1548 1664 1780 1900 2020 2140 2260 2380 2500 2616 2732 2848 2964 3080 3196 3308 3416 3520 3620 3716 3808 3896 3976 4052 4124 4188 4248 4304 4356 4400 4440 4468 4492 4508 4516 4520 4516 4508 4492 4468 4440 4400 4356 4304 4248 4188 4124 4052 3976 3896 3808 3716 3620 3520 3416 3308 3196 3080 2964 2848 2732 2616 2500 2380 2260 2140 2020 1900 1780 1664 1548 1436 1328 1220 1116 1012 916 820 732 644 564 484 408 340 280 220 168 124 84 52 28 12 4 0 0 0 0 0 0 0 0 0 0 0 0 0 0 0 0 0 0 0 0 0 0 0 0 0 0 0 0 0 
0 0 0 0 0 0 0 0 0 0 0 0 0 0 0 0 0 0 0 0 0 0 0 0 0 0 0 0 4 16 36 60 92 132 180 236 296 364 436 512 596 684 776 872 972 1076 1184 1296 1412 1528 1648 1772 1896 2024 2156 2284 2416 2544 2676 2804 2932 3056 3180 3304 3428 3552 3672 3788 3900 4004 4108 4204 4296 4384 4468 4544 4616 4680 4740 4796 4840 4880 4912 4940 4956 4964 4968 4964 4956 4940 4912 4880 4840 4796 4740 4680 4616 4544 4468 4384 4296 4204 4108 4004 3900 3788 3672 3552 3428 3304 3180 3056 2932 2804 2676 2544 2416 2284 2156 2024 1896 1772 1648 1528 1412 1296 1184 1076 972 872 776 684 596 512 436 364 296 236 180 132 92 60 36 16 4 0 0 0 0 0 0 0 0 0 0 0 0 0 0 0 0 0 0 0 0 0 0 0 0 0 0 0 0 
0 0 0 0 0 0 0 0 0 0 0 0 0 0 0 0 0 0 0 0 0 0 0 0 0 0 0 8 20 40 68 104 144 192 248 312 384 460 544 628 720 820 920 1028 1140 1252 1372 1492 1616 1744 1876 2008 2144 2284 2424 2564 2704 2844 2984 3124 3260 3396 3532 3664 3796 3928 4056 4180 4296 4408 4516 4620 4720 4816 4908 4988 5064 5136 5200 5256 5304 5348 5380 5408 5428 5436 5440 5436 5428 5408 5380 5348 5304 5256 5200 5136 5064 4988 4908 4816 4720 4620 4516 4408 4296 4180 4056 3928 3796 3664 3532 3396 3260 3124 2984 2844 2704 2564 2424 2284 2144 2008 1876 1744 1616 1492 1372 1252 1140 1028 920 820 720 628 544 460 384 312 248 192 144 104 68 40 20 8 0 0 0 0 0 0 0 0 0 0 0 0 0 0 0 0 0 0 0 0 0 0 0 0 0 0 0 
0 0 0 0 0 0 0 0 0 0 0 0 0 0 0 0 0 0 0 0 0 0 0 0 0 0 8 24 48 76 112 156 208 264 328 400 480 568 660 756 856 964 1076 1196 1316 1440 1568 1700 1836 1976 2116 2260 2408 2560 2712 2864 3012 3164 3312 3460 3608 3756 3900 4044 4184 4324 4460 4588 4712 4832 4948 5060 5168 5272 5368 5456 5536 5612 5680 5740 5792 5836 5872 5900 5920 5932 5936 5932 5920 5900 5872 5836 5792 5740 5680 5612 5536 5456 5368 5272 5168 5060 4948 4832 4712 4588 4460 4324 4184 4044 3900 3756 3608 3460 3312 3164 3012 2864 2712 2560 2408 2260 2116 1976 1836 1700 1568 1440 1316 1196 1076 964 856 756 660 568 480 400 328 264 208 156 112 76 48 24 8 0 0 0 0 0 0 0 0 0 0 0 0 0 0 0 0 0 0 0 0 0 0 0 0 0 0 
0 0 0 0 0 0 0 0 0 0 0 0 0 0 0 0 0 0 0 0 0 0 0 0 0 8 24 48 80 120 164 216 276 344 420 500 588 684 788 892 1004 1120 1244 1372 1504 1640 1780 1924 2072 2220 2372 2528 2688 2852 3016 3176 3336 3496 3656 3816 3976 4132 4288 4440 4592 4740 4884 5020 5152 5280 5404 5524 5640 5752 5852 5948 6032 6112 6184 6248 6304 6352 6392 6420 6440 6452 6456 6452 6440 6420 6392 6352 6304 6248 6184 6112 6032 5948 5852 5752 5640 5524 5404 5280 5152 5020 4884 4740 4592 4440 4288 4132 3976 3816 3656 3496 3336 3176 3016 2852 2688 2528 2372 2220 2072 1924 1780 1640 1504 1372 1244 1120 1004 892 788 684 588 500 420 344 276 216 164 120 80 48 24 8 0 0 0 0 0 0 0 0 0 0 0 0 0 0 0 0 0 0 0 0 0 0 0 0 0 
0 0 0 0 0 0 0 0 0 0 0 0 0 0 0 0 0 0 0 0 0 0 0 0 8 24 48 80 120 168 224 288 356 436 520 612 708 812 924 1040 1160 1288 1424 1564 1708 1856 2008 2164 2320 2480 2644 2812 2984 3160 3332 3504 3676 3848 4020 4188 4356 4524 4692 4856 5020 5176 5328 5476 5616 5752 5884 6012 6136 6252 6360 6460 6552 6636 6712 6780 6840 6892 6936 6968 6988 7000 7004 7000 6988 6968 6936 6892 6840 6780 6712 6636 6552 6460 6360 6252 6136 6012 5884 5752 5616 5476 5328 5176 5020 4856 4692 4524 4356 4188 4020 3848 3676 3504 3332 3160 2984 2812 2644 2480 2320 2164 2008 1856 1708 1564 1424 1288 1160 1040 924 812 708 612 520 436 356 288 224 168 120 80 48 24 8 0 0 0 0 0 0 0 0 0 0 0 0 0 0 0 0 0 0 0 0 0 0 0 0 
0 0 0 0 0 0 0 0 0 0 0 0 0 0 0 0 0 0 0 0 0 0 0 8 24 48 80 124 172 228 292 364 444 532 628 728 836 952 1072 1196 1328 1468 1616 1768 1924 2084 2248 2416 2584 2756 2932 3112 3296 3480 3664 3848 4032 4216 4396 4576 4756 4936 5116 5292 5464 5632 5792 5948 6100 6248 6388 6524 6656 6780 6896 7000 7100 7188 7268 7340 7404 7460 7508 7540 7564 7576 7580 7576 7564 7540 7508 7460 7404 7340 7268 7188 7100 7000 6896 6780 6656 6524 6388 6248 6100 5948 5792 5632 5464 5292 5116 4936 4756 4576 4396 4216 4032 3848 3664 3480 3296 3112 2932 2756 2584 2416 2248 2084 1924 1768 1616 1468 1328 1196 1072 952 836 728 628 532 444 364 292 228 172 124 80 48 24 8 0 0 0 0 0 0 0 0 0 0 0 0 0 0 0 0 0 0 0 0 0 0 0 
0 0 0 0 0 0 0 0 0 0 0 0 0 0 0 0 0 0 0 0 0 0 4 20 48 80 120 172 232 296 372 452 544 640 744 856 976 1100 1228 1364 1508 1660 1820 1984 2152 2324 2500 2680 2860 3044 3232 3424 3620 3816 4012 4208 4404 4600 4792 4984 5176 5368 5560 5748 5928 6104 6276 6444 6608 6764 6916 7060 7200 7332 7452 7564 7668 7764 7852 7928 7996 8056 8104 8140 8168 8180 8184 8180 8168 8140 8104 8056 7996 7928 7852 7764 7668 7564 7452 7332 7200 7060 6916 6764 6608 6444 6276 6104 5928 5748 5560 5368 5176 4984 4792 4600 4404 4208 4012 3816 3620 3424 3232 3044 2860 2680 2500 2324 2152 1984 1820 1660 1508 1364 1228 1100 976 856 744 640 544 452 372 296 232 172 120 80 48 20 4 0 0 0 0 0 0 0 0 0 0 0 0 0 0 0 0 0 0 0 0 0 0 
0 0 0 0 0 0 0 0 0 0 0 0 0 0 0 0 0 0 0 0 0 4 16 40 76 120 168 228 296 372 456 548 648 756 872 992 1120 1256 1396 1544 1700 1864 2036 2212 2392 2576 2764 2956 3152 3348 3548 3752 3960 4172 4380 4588 4796 5004 5208 5412 5616 5820 6024 6220 6412 6600 6784 6964 7136 7304 7468 7620 7768 7904 8032 8152 8264 8368 8460 8544 8616 8680 8728 8768 8796 8812 8816 8812 8796 8768 8728 8680 8616 8544 8460 8368 8264 8152 8032 7904 7768 7620 7468 7304 7136 6964 6784 6600 6412 6220 6024 5820 5616 5412 5208 5004 4796 4588 4380 4172 3960 3752 3548 3348 3152 2956 2764 2576 2392 2212 2036 1864 1700 1544 1396 1256 1120 992 872 756 648 548 456 372 296 228 168 120 76 40 16 4 0 0 0 0 0 0 0 0 0 0 0 0 0 0 0 0 0 0 0 0 0 
0 0 0 0 0 0 0 0 0 0 0 0 0 0 0 0 0 0 0 0 0 12 36 68 112 164 224 292 372 456 552 652 764 880 1004 1136 1276 1424 1576 1736 1904 2080 2264 2456 2648 2844 3044 3248 3456 3668 3880 4096 4316 4540 4764 4984 5204 5424 5644 5860 6076 6292 6504 6712 6916 7116 7312 7504 7688 7868 8040 8204 8360 8504 8640 8768 8888 9000 9096 9184 9264 9328 9380 9424 9452 9472 9476 9472 9452 9424 9380 9328 9264 9184 9096 9000 8888 8768 8640 8504 8360 8204 8040 7868 7688 7504 7312 7116 6916 6712 6504 6292 6076 5860 5644 5424 5204 4984 4764 4540 4316 4096 3880 3668 3456 3248 3044 2844 2648 2456 2264 2080 1904 1736 1576 1424 1276 1136 1004 880 764 652 552 456 372 292 224 164 112 68 36 12 0 0 0 0 0 0 0 0 0 0 0 0 0 0 0 0 0 0 0 0 0 
0 0 0 0 0 0 0 0 0 0 0 0 0 0 0 0 0 0 0 0 8 28 60 104 156 216 288 364 452 548 652 764 884 1012 1148 1292 1444 1604 1768 1940 2120 2308 2504 2708 2916 3124 3340 3556 3776 4000 4228 4456 4688 4924 5160 5396 5632 5864 6096 6328 6556 6784 7008 7228 7444 7656 7864 8068 8264 8456 8640 8812 8976 9132 9276 9412 9540 9656 9760 9852 9936 10004 10060 10104 10136 10156 10164 10156 10136 10104 10060 10004 9936 9852 9760 9656 9540 9412 9276 9132 8976 8812 8640 8456 8264 8068 7864 7656 7444 7228 7008 6784 6556 6328 6096 5864 5632 5396 5160 4924 4688 4456 4228 4000 3776 3556 3340 3124 2916 2708 2504 2308 2120 1940 1768 1604 1444 1292 1148 1012 884 764 652 548 452 364 288 216 156 104 60 28 8 0 0 0 0 0 0 0 0 0 0 0 0 0 0 0 0 0 0 0 0 
0 0 0 0 0 0 0 0 0 0 0 0 0 0 0 0 0 0 0 8 24 52 92 144 208 276 356 444 544 648 764 884 1016 1156 1304 1460 1624 1796 1972 2156 2348 2548 2756 2972 3192 3416 3644 3876 4108 4348 4588 4832 5076 5324 5576 5824 6072 6320 6568 6812 7056 7296 7536 7768 7996 8220 8440 8656 8864 9068 9260 9444 9620 9784 9940 10084 10220 10340 10452 10548 10636 10708 10768 10816 10848 10868 10876 10868 10848 10816 10768 10708 10636 10548 10452 10340 10220 10084 9940 9784 9620 9444 9260 9068 8864 8656 8440 8220 7996 7768 7536 7296 7056 6812 6568 6320 6072 5824 5576 5324 5076 4832 4588 4348 4108 3876 3644 3416 3192 2972 2756 2548 2348 2156 1972 1796 1624 1460 1304 1156 1016 884 764 648 544 444 356 276 208 144 92 52 24 8 0 0 0 0 0 0 0 0 0 0 0 0 0 0 0 0 0 0 0 
0 0 0 0 0 0 0 0 0 0 0 0 0 0 0 0 0 0 4 20 48 84 132 192 264 344 436 532 640 756 880 1012 1156 1308 1468 1636 1812 1996 2188 2384 2588 2800 3020 3248 3484 3720 3960 4204 4452 4704 4960 5216 5476 5740 6004 6268 6532 6796 7056 7316 7576 7828 8080 8328 8572 8808 9040 9268 9488 9700 9904 10100 10288 10464 10628 10784 10924 11052 11168 11272 11364 11444 11508 11556 11592 11612 11620 11612 11592 11556 11508 11444 11364 11272 11168 11052 10924 10784 10628 10464 10288 10100 9904 9700 9488 9268 9040 8808 8572 8328 8080 7828 7576 7316 7056 6796 6532 6268 6004 5740 5476 5216 4960 4704 4452 4204 3960 3720 3484 3248 3020 2800 2588 2384 2188 1996 1812 1636 1468 1308 1156 1012 880 756 640 532 436 344 264 192 132 84 48 20 4 0 0 0 0 0 0 0 0 0 0 0 0 0 0 0 0 0 0 
0 0 0 0 0 0 0 0 0 0 0 0 0 0 0 0 0 4 16 40 76 124 180 248 328 420 520 628 744 872 1004 1148 1304 1468 1644 1824 2012 2208 2412 2624 2840 3064 3296 3536 3784 4036 4292 4548 4812 5076 5344 5616 5892 6172 6452 6732 7012 7288 7564 7840 8112 8380 8648 8908 9164 9416 9664 9904 10136 10360 10576 10784 10984 11172 11344 11508 11656 11792 11916 12028 12124 12208 12276 12328 12368 12388 12396 12388 12368 12328 12276 12208 12124 12028 11916 11792 11656 11508 11344 11172 10984 10784 10576 10360 10136 9904 9664 9416 9164 8908 8648 8380 8112 7840 7564 7288 7012 6732 6452 6172 5892 5616 5344 5076 4812 4548 4292 4036 3784 3536 3296 3064 2840 2624 2412 2208 2012 1824 1644 1468 1304 1148 1004 872 744 628 520 420 328 248 180 124 76 40 16 4 0 0 0 0 0 0 0 0 0 0 0 0 0 0 0 0 0 
0 0 0 0 0 0 0 0 0 0 0 0 0 0 0 0 0 12 36 68 112 168 236 312 400 500 612 728 856 992 1136 1292 1460 1636 1824 2020 2220 2428 2644 2868 3100 3340 3584 3836 4096 4364 4632 4904 5180 5460 5744 6032 6324 6620 6916 7212 7504 7796 8088 8380 8668 8952 9232 9508 9780 10048 10312 10568 10812 11048 11276 11496 11708 11904 12088 12260 12420 12564 12696 12816 12916 13004 13076 13132 13172 13196 13204 13196 13172 13132 13076 13004 12916 12816 12696 12564 12420 12260 12088 11904 11708 11496 11276 11048 10812 10568 10312 10048 9780 9508 9232 8952 8668 8380 8088 7796 7504 7212 6916 6620 6324 6032 5744 5460 5180 4904 4632 4364 4096 3836 3584 3340 3100 2868 2644 2428 2220 2020 1824 1636 1460 1292 1136 992 856 728 612 500 400 312 236 168 112 68 36 12 0 0 0 0 0 0 0 0 0 0 0 0 0 0 0 0 0 
0 0 0 0 0 0 0 0 0 0 0 0 0 0 0 0 8 28 60 104 156 220 296 384 480 588 708 836 976 1120 1276 1444 1624 1812 2012 2220 2436 2656 2888 3124 3372 3624 3884 4148 4420 4700 4984 5272 5564 5860 6160 6464 6772 7084 7396 7708 8016 8324 8632 8940 9244 9544 9840 10132 10420 10704 10984 11252 11512 11764 12004 12236 12456 12664 12860 13044 13216 13368 13508 13632 13740 13832 13908 13968 14012 14036 14044 14036 14012 13968 13908 13832 13740 13632 13508 13368 13216 13044 12860 12664 12456 12236 12004 11764 11512 11252 10984 10704 10420 10132 9840 9544 9244 8940 8632 8324 8016 7708 7396 7084 6772 6464 6160 5860 5564 5272 4984 4700 4420 4148 3884 3624 3372 3124 2888 2656 2436 2220 2012 1812 1624 1444 1276 1120 976 836 708 588 480 384 296 220 156 104 60 28 8 0 0 0 0 0 0 0 0 0 0 0 0 0 0 0 0 
0 0 0 0 0 0 0 0 0 0 0 0 0 0 0 4 20 48 88 140 204 280 364 460 568 684 812 952 1100 1256 1424 1604 1796 1996 2208 2428 2656 2892 3136 3388 3648 3916 4188 4468 4756 5052 5352 5656 5964 6276 6592 6912 7236 7564 7892 8220 8548 8872 9196 9520 9844 10160 10472 10780 11084 11384 11676 11960 12236 12504 12760 13004 13236 13456 13664 13860 14040 14204 14352 14484 14600 14696 14776 14840 14888 14912 14920 14912 14888 14840 14776 14696 14600 14484 14352 14204 14040 13860 13664 13456 13236 13004 12760 12504 12236 11960 11676 11384 11084 10780 10472 10160 9844 9520 9196 8872 8548 8220 7892 7564 7236 6912 6592 6276 5964 5656 5352 5052 4756 4468 4188 3916 3648 3388 3136 2892 2656 2428 2208 1996 1796 1604 1424 1256 1100 952 812 684 568 460 364 280 204 140 88 48 20 4 0 0 0 0 0 0 0 0 0 0 0 0 0 0 0 
0 0 0 0 0 0 0 0 0 0 0 0 0 0 4 16 40 76 124 184 256 340 436 544 660 788 924 1072 1228 1396 1576 1768 1972 2188 2412 2644 2888 3136 3396 3660 3936 4216 4504 4800 5104 5412 5728 6052 6376 6704 7040 7376 7716 8060 8404 8752 9096 9440 9780 10120 10460 10796 11128 11452 11772 12088 12396 12696 12988 13272 13544 13804 14048 14280 14500 14708 14900 15072 15228 15368 15492 15596 15680 15748 15796 15824 15832 15824 15796 15748 15680 15596 15492 15368 15228 15072 14900 14708 14500 14280 14048 13804 13544 13272 12988 12696 12396 12088 11772 11452 11128 10796 10460 10120 9780 9440 9096 8752 8404 8060 7716 7376 7040 6704 6376 6052 5728 5412 5104 4800 4504 4216 3936 3660 3396 3136 2888 2644 2412 2188 1972 1768 1576 1396 1228 1072 924 788 660 544 436 340 256 184 124 76 40 16 4 0 0 0 0 0 0 0 0 0 0 0 0 0 0 
0 0 0 0 0 0 0 0 0 0 0 0 0 0 12 32 68 112 168 236 316 408 512 628 756 892 1040 1196 1364 1544 1736 1940 2156 2384 2624 2868 3124 3388 3660 3940 4228 4524 4828 5140 5460 5784 6116 6456 6800 7144 7496 7852 8212 8572 8932 9296 9660 10020 10380 10740 11100 11452 11800 12144 12484 12820 13144 13460 13768 14068 14356 14628 14888 15136 15368 15588 15788 15972 16140 16288 16420 16528 16620 16692 16740 16772 16780 16772 16740 16692 16620 16528 16420 16288 16140 15972 15788 15588 15368 15136 14888 14628 14356 14068 13768 13460 13144 12820 12484 12144 11800 11452 11100 10740 10380 10020 9660 9296 8932 8572 8212 7852 7496 7144 6800 6456 6116 5784 5460 5140 4828 4524 4228 3940 3660 3388 3124 2868 2624 2384 2156 1940 1736 1544 1364 1196 1040 892 756 628 512 408 316 236 168 112 68 32 12 0 0 0 0 0 0 0 0 0 0 0 0 0 0 
0 0 0 0 0 0 0 0 0 0 0 0 0 4 24 52 96 152 216 292 384 484 596 720 856 1004 1160 1328 1508 1700 1904 2120 2348 2588 2840 3100 3372 3648 3936 4228 4532 4844 5164 5492 5828 6168 6516 6872 7232 7596 7968 8340 8716 9096 9476 9860 10240 10620 11000 11380 11756 12128 12496 12860 13220 13572 13916 14252 14576 14892 15196 15484 15760 16024 16268 16500 16712 16908 17088 17244 17380 17496 17592 17668 17720 17752 17764 17752 17720 17668 17592 17496 17380 17244 17088 16908 16712 16500 16268 16024 15760 15484 15196 14892 14576 14252 13916 13572 13220 12860 12496 12128 11756 11380 11000 10620 10240 9860 9476 9096 8716 8340 7968 7596 7232 6872 6516 6168 5828 5492 5164 4844 4532 4228 3936 3648 3372 3100 2840 2588 2348 2120 1904 1700 1508 1328 1160 1004 856 720 596 484 384 292 216 152 96 52 24 4 0 0 0 0 0 0 0 0 0 0 0 0 0 
0 0 0 0 0 0 0 0 0 0 0 0 0 12 40 76 128 192 268 352 452 564 684 820 964 1120 1288 1468 1660 1864 2080 2308 2548 2800 3064 3340 3624 3916 4216 4524 4844 5172 5508 5852 6204 6564 6928 7300 7680 8060 8448 8840 9236 9636 10036 10440 10840 11240 11640 12040 12436 12828 13216 13600 13980 14352 14716 15068 15412 15744 16064 16372 16664 16940 17200 17444 17672 17880 18068 18232 18376 18500 18604 18684 18740 18772 18784 18772 18740 18684 18604 18500 18376 18232 18068 17880 17672 17444 17200 16940 16664 16372 16064 15744 15412 15068 14716 14352 13980 13600 13216 12828 12436 12040 11640 11240 10840 10440 10036 9636 9236 8840 8448 8060 7680 7300 6928 6564 6204 5852 5508 5172 4844 4524 4216 3916 3624 3340 3064 2800 2548 2308 2080 1864 1660 1468 1288 1120 964 820 684 564 452 352 268 192 128 76 40 12 0 0 0 0 0 0 0 0 0 0 0 0 0 
0 0 0 0 0 0 0 0 0 0 0 0 4 24 60 104 164 236 320 416 524 644 776 920 1076 1244 1424 1616 1820 2036 2264 2504 2756 3020 3296 3584 3884 4188 4504 4828 5164 5508 5864 6224 6592 6968 7352 7740 8136 8536 8944 9356 9772 10192 10612 11036 11456 11880 12300 12720 13136 13552 13960 14364 14764 15156 15540 15912 16276 16628 16964 17288 17596 17888 18164 18424 18664 18884 19084 19260 19412 19544 19652 19736 19796 19832 19844 19832 19796 19736 19652 19544 19412 19260 19084 18884 18664 18424 18164 17888 17596 17288 16964 16628 16276 15912 15540 15156 14764 14364 13960 13552 13136 12720 12300 11880 11456 11036 10612 10192 9772 9356 8944 8536 8136 7740 7352 6968 6592 6224 5864 5508 5164 4828 4504 4188 3884 3584 3296 3020 2756 2504 2264 2036 1820 1616 1424 1244 1076 920 776 644 524 416 320 236 164 104 60 24 4 0 0 0 0 0 0 0 0 0 0 0 0 
0 0 0 0 0 0 0 0 0 0 0 0 12 40 84 136 204 284 380 484 600 732 872 1028 1196 1372 1564 1768 1984 2212 2456 2708 2972 3248 3536 3836 4148 4468 4800 5140 5492 5852 6224 6604 6988 7384 7784 8192 8604 9024 9452 9884 10320 10760 11200 11644 12088 12532 12976 13416 13856 14292 14724 15152 15572 15984 16388 16780 17164 17536 17892 18236 18564 18872 19164 19440 19696 19928 20140 20328 20488 20628 20744 20832 20896 20936 20948 20936 20896 20832 20744 20628 20488 20328 20140 19928 19696 19440 19164 18872 18564 18236 17892 17536 17164 16780 16388 15984 15572 15152 14724 14292 13856 13416 12976 12532 12088 11644 11200 10760 10320 9884 9452 9024 8604 8192 7784 7384 6988 6604 6224 5852 5492 5140 4800 4468 4148 3836 3536 3248 2972 2708 2456 2212 1984 1768 1564 1372 1196 1028 872 732 600 484 380 284 204 136 84 40 12 0 0 0 0 0 0 0 0 0 0 0 0 
0 0 0 0 0 0 0 0 0 0 0 4 24 60 112 172 248 336 440 556 680 820 972 1140 1316 1504 1708 1924 2152 2392 2648 2916 3192 3484 3784 4096 4420 4756 5104 5460 5828 6204 6592 6988 7392 7804 8224 8652 9084 9524 9972 10424 10880 11340 11804 12268 12736 13204 13668 14132 14596 15056 15512 15960 16404 16836 17260 17676 18084 18476 18852 19216 19564 19892 20200 20492 20764 21012 21236 21432 21604 21752 21876 21972 22040 22084 22096 22084 22040 21972 21876 21752 21604 21432 21236 21012 20764 20492 20200 19892 19564 19216 18852 18476 18084 17676 17260 16836 16404 15960 15512 15056 14596 14132 13668 13204 12736 12268 11804 11340 10880 10424 9972 9524 9084 8652 8224 7804 7392 6988 6592 6204 5828 5460 5104 4756 4420 4096 3784 3484 3192 2916 2648 2392 2152 1924 1708 1504 1316 1140 972 820 680 556 440 336 248 172 112 60 24 4 0 0 0 0 0 0 0 0 0 0 0 
0 0 0 0 0 0 0 0 0 0 0 12 40 84 144 212 296 392 504 628 764 916 1076 1252 1440 1640 1856 2084 2324 2576 2844 3124 3416 3720 4036 4364 4700 5052 5412 5784 6168 6564 6968 7384 7804 8236 8676 9124 9576 10036 10504 10976 11456 11936 12420 12908 13400 13892 14380 14868 15356 15840 16316 16788 17256 17712 18160 18600 19028 19444 19844 20228 20596 20944 21272 21580 21868 22132 22368 22580 22764 22920 23052 23156 23228 23272 23288 23272 23228 23156 23052 22920 22764 22580 22368 22132 21868 21580 21272 20944 20596 20228 19844 19444 19028 18600 18160 17712 17256 16788 16316 15840 15356 14868 14380 13892 13400 12908 12420 11936 11456 10976 10504 10036 9576 9124 8676 8236 7804 7384 6968 6564 6168 5784 5412 5052 4700 4364 4036 3720 3416 3124 2844 2576 2324 2084 1856 1640 1440 1252 1076 916 764 628 504 392 296 212 144 84 40 12 0 0 0 0 0 0 0 0 0 0 0 
0 0 0 0 0 0 0 0 0 0 4 24 60 112 180 256 348 452 572 708 852 1012 1184 1372 1568 1780 2008 2248 2500 2764 3044 3340 3644 3960 4292 4632 4984 5352 5728 6116 6516 6928 7352 7784 8224 8676 9136 9604 10080 10560 11048 11540 12040 12544 13052 13564 14080 14596 15108 15620 16132 16640 17144 17640 18132 18616 19088 19552 20004 20444 20868 21276 21664 22032 22380 22708 23012 23292 23544 23768 23964 24132 24272 24384 24460 24508 24524 24508 24460 24384 24272 24132 23964 23768 23544 23292 23012 22708 22380 22032 21664 21276 20868 20444 20004 19552 19088 18616 18132 17640 17144 16640 16132 15620 15108 14596 14080 13564 13052 12544 12040 11540 11048 10560 10080 9604 9136 8676 8224 7784 7352 6928 6516 6116 5728 5352 4984 4632 4292 3960 3644 3340 3044 2764 2500 2248 2008 1780 1568 1372 1184 1012 852 708 572 452 348 256 180 112 60 24 4 0 0 0 0 0 0 0 0 0 0 
0 0 0 0 0 0 0 0 0 0 12 40 84 144 220 304 404 516 644 788 944 1116 1296 1492 1700 1924 2164 2416 2680 2956 3248 3556 3876 4204 4548 4904 5272 5656 6052 6456 6872 7300 7740 8192 8652 9124 9604 10092 10588 11092 11600 12116 12640 13168 13700 14236 14776 15316 15856 16392 16928 17464 17992 18516 19036 19544 20044 20536 21012 21476 21924 22356 22768 23160 23528 23876 24200 24496 24764 25004 25212 25392 25540 25656 25740 25792 25808 25792 25740 25656 25540 25392 25212 25004 24764 24496 24200 23876 23528 23160 22768 22356 21924 21476 21012 20536 20044 19544 19036 18516 17992 17464 16928 16392 15856 15316 14776 14236 13700 13168 12640 12116 11600 11092 10588 10092 9604 9124 8652 8192 7740 7300 6872 6456 6052 5656 5272 4904 4548 4204 3876 3556 3248 2956 2680 2416 2164 1924 1700 1492 1296 1116 944 788 644 516 404 304 220 144 84 40 12 0 0 0 0 0 0 0 0 0 0 
0 0 0 0 0 0 0 0 0 4 24 60 112 180 260 352 460 584 720 872 1040 1220 1412 1616 1836 2072 2320 2584 2860 3152 3456 3776 4108 4452 4812 5180 5564 5964 6376 6800 7232 7680 8136 8604 9084 9576 10080 10588 11108 11632 12164 12704 13252 13804 14360 14924 15488 16052 16616 17180 17744 18308 18864 19416 19964 20500 21028 21548 22052 22544 23016 23472 23908 24324 24716 25084 25428 25744 26028 26284 26508 26700 26856 26980 27072 27124 27144 27124 27072 26980 26856 26700 26508 26284 26028 25744 25428 25084 24716 24324 23908 23472 23016 22544 22052 21548 21028 20500 19964 19416 18864 18308 17744 17180 16616 16052 15488 14924 14360 13804 13252 12704 12164 11632 11108 10588 10080 9576 9084 8604 8136 7680 7232 6800 6376 5964 5564 5180 4812 4452 4108 3776 3456 3152 2860 2584 2320 2072 1836 1616 1412 1220 1040 872 720 584 460 352 260 180 112 60 24 4 0 0 0 0 0 0 0 0 0 
0 0 0 0 0 0 0 0 0 12 40 84 144 216 304 404 520 652 800 960 1136 1328 1528 1744 1976 2220 2480 2756 3044 3348 3668 4000 4348 4704 5076 5460 5860 6276 6704 7144 7596 8060 8536 9024 9524 10036 10560 11092 11632 12180 12736 13300 13872 14452 15032 15620 16212 16804 17396 17988 18580 19172 19760 20340 20916 21484 22040 22588 23124 23644 24144 24628 25088 25528 25944 26336 26700 27036 27340 27612 27852 28056 28224 28356 28452 28508 28528 28508 28452 28356 28224 28056 27852 27612 27340 27036 26700 26336 25944 25528 25088 24628 24144 23644 23124 22588 22040 21484 20916 20340 19760 19172 18580 17988 17396 16804 16212 15620 15032 14452 13872 13300 12736 12180 11632 11092 10560 10036 9524 9024 8536 8060 7596 7144 6704 6276 5860 5460 5076 4704 4348 4000 3668 3348 3044 2756 2480 2220 1976 1744 1528 1328 1136 960 800 652 520 404 304 216 144 84 40 12 0 0 0 0 0 0 0 0 0 
0 0 0 0 0 0 0 0 4 24 60 112 176 256 352 460 584 724 880 1052 1236 1436 1648 1876 2116 2372 2644 2932 3232 3548 3880 4228 4588 4960 5344 5744 6160 6592 7040 7496 7968 8448 8944 9452 9972 10504 11048 11600 12164 12736 13320 13908 14504 15108 15716 16332 16952 17572 18192 18816 19436 20056 20676 21288 21896 22492 23080 23660 24224 24772 25304 25816 26308 26776 27216 27632 28020 28380 28704 28992 29248 29464 29644 29788 29888 29948 29968 29948 29888 29788 29644 29464 29248 28992 28704 28380 28020 27632 27216 26776 26308 25816 25304 24772 24224 23660 23080 22492 21896 21288 20676 20056 19436 18816 18192 17572 16952 16332 15716 15108 14504 13908 13320 12736 12164 11600 11048 10504 9972 9452 8944 8448 7968 7496 7040 6592 6160 5744 5344 4960 4588 4228 3880 3548 3232 2932 2644 2372 2116 1876 1648 1436 1236 1052 880 724 584 460 352 256 176 112 60 24 4 0 0 0 0 0 0 0 0 
0 0 0 0 0 0 0 0 12 40 84 140 212 300 404 520 652 800 964 1144 1340 1548 1772 2008 2260 2528 2812 3112 3424 3752 4096 4456 4832 5216 5616 6032 6464 6912 7376 7852 8340 8840 9356 9884 10424 10976 11540 12116 12704 13300 13908 14524 15148 15776 16412 17056 17704 18352 19004 19656 20308 20960 21612 22256 22896 23528 24148 24760 25356 25936 26500 27044 27568 28064 28532 28976 29388 29772 30116 30424 30696 30928 31120 31272 31380 31448 31468 31448 31380 31272 31120 30928 30696 30424 30116 29772 29388 28976 28532 28064 27568 27044 26500 25936 25356 24760 24148 23528 22896 22256 21612 20960 20308 19656 19004 18352 17704 17056 16412 15776 15148 14524 13908 13300 12704 12116 11540 10976 10424 9884 9356 8840 8340 7852 7376 6912 6464 6032 5616 5216 4832 4456 4096 3752 3424 3112 2812 2528 2260 2008 1772 1548 1340 1144 964 800 652 520 404 300 212 140 84 40 12 0 0 0 0 0 0 0 0 
0 0 0 0 0 0 0 4 24 60 108 172 252 348 460 584 724 880 1052 1240 1444 1664 1896 2144 2408 2688 2984 3296 3620 3960 4316 4688 5076 5476 5892 6324 6772 7236 7716 8212 8716 9236 9772 10320 10880 11456 12040 12640 13252 13872 14504 15148 15796 16452 17116 17788 18464 19144 19828 20516 21200 21884 22568 23248 23924 24588 25244 25888 26520 27136 27736 28312 28864 29392 29892 30364 30804 31212 31584 31912 32204 32452 32656 32816 32932 33004 33028 33004 32932 32816 32656 32452 32204 31912 31584 31212 30804 30364 29892 29392 28864 28312 27736 27136 26520 25888 25244 24588 23924 23248 22568 21884 21200 20516 19828 19144 18464 17788 17116 16452 15796 15148 14504 13872 13252 12640 12040 11456 10880 10320 9772 9236 8716 8212 7716 7236 6772 6324 5892 5476 5076 4688 4316 3960 3620 3296 2984 2688 2408 2144 1896 1664 1444 1240 1052 880 724 584 460 348 252 172 108 60 24 4 0 0 0 0 0 0 0 
0 0 0 0 0 0 0 12 40 80 136 208 296 400 520 652 800 964 1144 1340 1552 1780 2024 2284 2560 2852 3160 3480 3816 4172 4540 4924 5324 5740 6172 6620 7084 7564 8060 8572 9096 9636 10192 10760 11340 11936 12544 13168 13804 14452 15108 15776 16452 17140 17832 18532 19240 19952 20668 21388 22108 22828 23548 24264 24972 25676 26368 27048 27716 28368 29004 29616 30204 30768 31300 31804 32272 32708 33104 33456 33768 34032 34252 34424 34548 34624 34652 34624 34548 34424 34252 34032 33768 33456 33104 32708 32272 31804 31300 30768 30204 29616 29004 28368 27716 27048 26368 25676 24972 24264 23548 22828 22108 21388 20668 19952 19240 18532 17832 17140 16452 15776 15108 14452 13804 13168 12544 11936 11340 10760 10192 9636 9096 8572 8060 7564 7084 6620 6172 5740 5324 4924 4540 4172 3816 3480 3160 2852 2560 2284 2024 1780 1552 1340 1144 964 800 652 520 400 296 208 136 80 40 12 0 0 0 0 0 0 0 
0 0 0 0 0 0 4 24 56 104 168 248 344 456 580 720 876 1048 1236 1444 1664 1900 2156 2424 2712 3016 3332 3664 4012 4380 4764 5160 5576 6004 6452 6916 7396 7892 8404 8932 9476 10036 10612 11200 11804 12420 13052 13700 14360 15032 15716 16412 17116 17832 18556 19288 20028 20772 21524 22276 23032 23788 24544 25296 26044 26788 27520 28240 28948 29636 30308 30960 31588 32188 32756 33292 33792 34256 34680 35060 35392 35676 35912 36100 36232 36312 36340 36312 36232 36100 35912 35676 35392 35060 34680 34256 33792 33292 32756 32188 31588 30960 30308 29636 28948 28240 27520 26788 26044 25296 24544 23788 23032 22276 21524 20772 20028 19288 18556 17832 17116 16412 15716 15032 14360 13700 13052 12420 11804 11200 10612 10036 9476 8932 8404 7892 7396 6916 6452 6004 5576 5160 4764 4380 4012 3664 3332 3016 2712 2424 2156 1900 1664 1444 1236 1048 876 720 580 456 344 248 168 104 56 24 4 0 0 0 0 0 0 
0 0 0 0 0 0 12 36 76 132 204 292 392 508 640 788 952 1132 1328 1544 1776 2020 2284 2564 2864 3176 3504 3848 4208 4588 4984 5396 5824 6268 6732 7212 7708 8220 8752 9296 9860 10440 11036 11644 12268 12908 13564 14236 14924 15620 16332 17056 17788 18532 19288 20052 20824 21604 22392 23180 23972 24768 25560 26352 27140 27924 28700 29460 30208 30940 31652 32344 33012 33652 34260 34832 35368 35864 36316 36724 37080 37388 37640 37840 37984 38072 38100 38072 37984 37840 37640 37388 37080 36724 36316 35864 35368 34832 34260 33652 33012 32344 31652 30940 30208 29460 28700 27924 27140 26352 25560 24768 23972 23180 22392 21604 20824 20052 19288 18532 17788 17056 16332 15620 14924 14236 13564 12908 12268 11644 11036 10440 9860 9296 8752 8220 7708 7212 6732 6268 5824 5396 4984 4588 4208 3848 3504 3176 2864 2564 2284 2020 1776 1544 1328 1132 952 788 640 508 392 292 204 132 76 36 12 0 0 0 0 0 0 
0 0 0 0 0 4 20 52 100 164 240 332 440 564 704 860 1032 1216 1420 1644 1884 2140 2416 2704 3012 3336 3676 4032 4404 4796 5204 5632 6072 6532 7012 7504 8016 8548 9096 9660 10240 10840 11456 12088 12736 13400 14080 14776 15488 16212 16952 17704 18464 19240 20028 20824 21632 22448 23272 24096 24928 25764 26596 27428 28260 29088 29904 30712 31504 32280 33036 33772 34484 35168 35816 36428 37004 37532 38016 38452 38836 39168 39440 39656 39812 39904 39936 39904 39812 39656 39440 39168 38836 38452 38016 37532 37004 36428 35816 35168 34484 33772 33036 32280 31504 30712 29904 29088 28260 27428 26596 25764 24928 24096 23272 22448 21632 20824 20028 19240 18464 17704 16952 16212 15488 14776 14080 13400 12736 12088 11456 10840 10240 9660 9096 8548 8016 7504 7012 6532 6072 5632 5204 4796 4404 4032 3676 3336 3012 2704 2416 2140 1884 1644 1420 1216 1032 860 704 564 440 332 240 164 100 52 20 4 0 0 0 0 0 
0 0 0 0 0 8 32 72 124 192 276 376 492 620 768 932 1108 1300 1512 1744 1996 2260 2544 2844 3164 3496 3848 4216 4600 5004 5424 5864 6320 6796 7288 7796 8324 8872 9440 10020 10620 11240 11880 12532 13204 13892 14596 15316 16052 16804 17572 18352 19144 19952 20772 21604 22448 23300 24160 25024 25896 26772 27648 28524 29400 30272 31136 31992 32832 33656 34460 35244 36000 36728 37424 38080 38696 39264 39784 40252 40664 41020 41316 41548 41716 41816 41852 41816 41716 41548 41316 41020 40664 40252 39784 39264 38696 38080 37424 36728 36000 35244 34460 33656 32832 31992 31136 30272 29400 28524 27648 26772 25896 25024 24160 23300 22448 21604 20772 19952 19144 18352 17572 16804 16052 15316 14596 13892 13204 12532 11880 11240 10620 10020 9440 8872 8324 7796 7288 6796 6320 5864 5424 5004 4600 4216 3848 3496 3164 2844 2544 2260 1996 1744 1512 1300 1108 932 768 620 492 376 276 192 124 72 32 8 0 0 0 0 0 
