1 1 1 1 1 1 1 1 1 1 1 1 1 1 1 1 1 1 1 1 1 1 1 1 1 1 1 1 1 1 1 1 1 1 1 1 1 1 1 1 1 1 1 1 1 1 1 1 1 2 2 3 3 4 4 4 4 4 4 4 4 4 4 4 4 4 4 4 4 4 4 4 4 4 4 4 4 4 4 4 4 4 4 4 4 4 4 4 4 4 4 4 3 3 2 2 1 1 1 1 1 1 1 1 1 1 1 1 1 1 1 1 1 1 1 1 1 1 1 1 1 1 1 1 1 1 1 1 1 1 1 1 1 1 1 1 1 1 1 1 1 1 1 1 1 
1 1 1 1 1 1 1 1 1 1 1 1 1 1 1 1 1 1 1 1 1 1 1 1 1 1 1 1 1 1 1 1 1 1 1 1 1 1 1 1 1 1 1 1 1 2 2 3 4 0.996 3.996 0.992 3.992 0.988 2.988 2.988 3.988 3.988 3.988 3.988 3.988 3.988 3.988 3.988 3.988 3.988 3.988 3.988 3.988 3.988 3.988 3.988 3.988 3.988 3.988 3.988 3.988 3.988 3.988 3.988 3.988 3.988 3.988 3.988 3.988 3.988 3.988 3.988 3.988 2.988 2.988 0.988 3.992 0.992 3.996 0.996 4 3 2 2 1 1 1 1 1 1 1 1 1 1 1 1 1 1 1 1 1 1 1 1 1 1 1 1 1 1 1 1 1 1 1 1 1 1 1 1 1 1 1 1 1 1 1 1 1 
1 1 1 1 1 1 1 1 1 1 1 1 1 1 1 1 1 1 1 1 1 1 1 1 1 1 1 1 1 1 1 1 1 1 1 1 1 1 1 1 1 1 1 2 4 0.996 3.996 0.992 3.992 3.988 2.984 3.98 2.976 2.972 0.968 3.968 0.964 2.964 3.964 3.964 3.964 3.964 3.964 3.964 3.964 3.964 3.964 3.964 3.964 3.964 3.964 3.964 3.964 3.964 3.964 3.964 3.964 3.964 3.964 3.964 3.964 3.964 3.964 3.964 3.964 3.964 3.964 2.964 0.964 3.968 0.968 2.972 2.976 3.98 2.984 3.988 3.992 0.992 3.996 0.996 4 2 1 1 1 1 1 1 1 1 1 1 1 1 1 1 1 1 1 1 1 1 1 1 1 1 1 1 1 1 1 1 1 1 1 1 1 1 1 1 1 1 1 1 1 
1 1 1 1 1 1 1 1 1 1 1 1 1 1 1 1 1 1 1 1 1 1 1 1 1 1 1 1 1 1 1 1 1 1 1 1 1 1 1 1 1 2 4 2.996 1.992 2.988 2.984 2.98 3.976 0.968 3.964 0.956 2.952 3.948 3.944 3.94 3.936 2.932 0.928 2.928 3.928 3.928 3.928 3.928 3.928 3.928 3.928 3.928 3.928 3.928 3.928 3.928 3.928 3.928 3.928 3.928 3.928 3.928 3.928 3.928 3.928 3.928 3.928 3.928 3.928 2.928 0.928 2.932 3.936 3.94 3.944 3.948 2.952 0.956 3.964 0.968 3.976 2.98 2.984 2.988 1.992 2.996 4 2 1 1 1 1 1 1 1 1 1 1 1 1 1 1 1 1 1 1 1 1 1 1 1 1 1 1 1 1 1 1 1 1 1 1 1 1 1 1 1 1 1 
1 1 1 1 1 1 1 1 1 1 1 1 1 1 1 1 1 1 1 1 1 1 1 1 1 1 1 1 1 1 1 1 1 1 1 1 1 1 1 2 4 2.996 3.992 0.984 3.98 2.972 0.964 3.96 2.952 2.944 2.936 2.928 2.92 0.912 3.908 0.9 2.896 3.892 3.888 3.884 1.88 3.88 3.88 3.88 3.88 3.88 3.88 3.88 3.88 3.88 3.88 3.88 3.88 3.88 3.88 3.88 3.88 3.88 3.88 3.88 3.88 3.88 3.88 3.88 1.88 3.884 3.888 3.892 2.896 0.9 3.908 0.912 2.92 2.928 2.936 2.944 2.952 3.96 0.964 2.972 3.98 0.984 3.992 2.996 4 2 1 1 1 1 1 1 1 1 1 1 1 1 1 1 1 1 1 1 1 1 1 1 1 1 1 1 1 1 1 1 1 1 1 1 1 1 1 1 1 
1 1 1 1 1 1 1 1 1 1 1 1 1 1 1 1 1 1 1 1 1 1 1 1 1 1 1 1 1 1 1 1 1 1 1 1 1 2 4 2.996 3.992 2.984 2.976 3.968 3.96 0.948 2.94 3.932 0.92 3.912 0.9 3.892 0.88 2.872 2.864 3.856 2.848 0.84 3.836 0.828 2.824 0.82 2.82 3.82 3.82 3.82 3.82 3.82 3.82 3.82 3.82 3.82 3.82 3.82 3.82 3.82 3.82 3.82 3.82 3.82 3.82 3.82 2.82 0.82 2.824 0.828 3.836 0.84 2.848 3.856 2.864 2.872 0.88 3.892 0.9 3.912 0.92 3.932 2.94 0.948 3.96 3.968 2.976 2.984 3.992 2.996 4 2 1 1 1 1 1 1 1 1 1 1 1 1 1 1 1 1 1 1 1 1 1 1 1 1 1 1 1 1 1 1 1 1 1 1 1 1 1 
1 1 1 1 1 1 1 1 1 1 1 1 1 1 1 1 1 1 1 1 1 1 1 1 1 1 1 1 1 1 1 1 1 1 1 2 4 2.996 3.992 2.984 3.976 2.964 2.952 0.94 3.932 3.92 3.908 2.896 3.884 3.872 3.86 3.848 3.836 3.824 2.812 0.8 2.792 3.784 3.776 3.768 1.76 3.756 3.752 1.748 3.748 3.748 3.748 3.748 3.748 3.748 3.748 3.748 3.748 3.748 3.748 3.748 3.748 3.748 3.748 3.748 3.748 1.748 3.752 3.756 1.76 3.768 3.776 3.784 2.792 0.8 2.812 3.824 3.836 3.848 3.86 3.872 3.884 2.896 3.908 3.92 3.932 0.94 2.952 2.964 3.976 2.984 3.992 2.996 4 2 1 1 1 1 1 1 1 1 1 1 1 1 1 1 1 1 1 1 1 1 1 1 1 1 1 1 1 1 1 1 1 1 1 1 1 
1 1 1 1 1 1 1 1 1 1 1 1 1 1 1 1 1 1 1 1 1 1 1 1 1 1 1 1 1 1 1 1 1 2 4 2.996 3.992 2.984 3.976 2.964 3.952 2.936 0.92 2.908 3.896 2.88 0.864 3.852 2.836 0.82 3.808 0.792 3.78 0.764 2.752 3.74 3.728 2.716 0.704 2.696 3.688 3.68 1.672 3.668 1.664 3.664 3.664 3.664 3.664 3.664 3.664 3.664 3.664 3.664 3.664 3.664 3.664 3.664 3.664 3.664 1.664 3.668 1.672 3.68 3.688 2.696 0.704 2.716 3.728 3.74 2.752 0.764 3.78 0.792 3.808 0.82 2.836 3.852 0.864 2.88 3.896 2.908 0.92 2.936 3.952 2.964 3.976 2.984 3.992 2.996 4 2 1 1 1 1 1 1 1 1 1 1 1 1 1 1 1 1 1 1 1 1 1 1 1 1 1 1 1 1 1 1 1 1 1 
1 1 1 1 1 1 1 1 1 1 1 1 1 1 1 1 1 1 1 1 1 1 1 1 1 1 1 1 1 1 1 1 3 1.996 3.992 2.984 3.976 2.964 3.952 2.936 3.92 0.9 2.884 2.868 3.852 0.832 2.816 3.8 0.78 2.764 2.748 3.732 3.716 3.7 3.684 2.668 0.652 2.64 3.628 3.616 3.604 1.592 3.584 1.576 3.572 1.568 3.568 3.568 3.568 3.568 3.568 3.568 3.568 3.568 3.568 3.568 3.568 3.568 3.568 1.568 3.572 1.576 3.584 1.592 3.604 3.616 3.628 2.64 0.652 2.668 3.684 3.7 3.716 3.732 2.748 2.764 0.78 3.8 2.816 0.832 3.852 2.868 2.884 0.9 3.92 2.936 3.952 2.964 3.976 2.984 3.992 1.996 3 1 1 1 1 1 1 1 1 1 1 1 1 1 1 1 1 1 1 1 1 1 1 1 1 1 1 1 1 1 1 1 1 
1 1 1 1 1 1 1 1 1 1 1 1 1 1 1 1 1 1 1 1 1 1 1 1 1 1 1 1 1 1 2 4 3.996 3.988 1.976 2.964 3.952 2.936 3.92 2.9 2.88 3.86 3.84 2.82 2.8 3.78 3.76 2.74 3.72 3.7 2.68 2.66 0.64 3.624 0.604 2.588 3.572 3.556 3.54 3.524 1.508 3.496 1.484 3.476 1.468 3.464 1.46 3.46 3.46 3.46 3.46 3.46 3.46 3.46 3.46 3.46 3.46 3.46 1.46 3.464 1.468 3.476 1.484 3.496 1.508 3.524 3.54 3.556 3.572 2.588 0.604 3.624 0.64 2.66 2.68 3.7 3.72 2.74 3.76 3.78 2.8 2.82 3.84 3.86 2.88 2.9 3.92 2.936 3.952 2.964 1.976 3.988 3.996 4 2 1 1 1 1 1 1 1 1 1 1 1 1 1 1 1 1 1 1 1 1 1 1 1 1 1 1 1 1 1 1 
1 1 1 1 1 1 1 1 1 1 1 1 1 1 1 1 1 1 1 1 1 1 1 1 1 1 1 1 2 4 2.996 3.992 3.984 3.972 3.956 0.936 3.92 2.9 3.88 2.856 2.832 2.808 0.784 3.764 2.74 2.716 0.692 3.672 2.648 0.624 3.604 0.58 2.56 2.54 3.52 3.5 3.48 3.46 3.44 1.42 3.404 1.388 3.376 1.364 3.356 1.348 3.344 1.34 3.34 3.34 3.34 3.34 3.34 3.34 3.34 3.34 3.34 1.34 3.344 1.348 3.356 1.364 3.376 1.388 3.404 1.42 3.44 3.46 3.48 3.5 3.52 2.54 2.56 0.58 3.604 0.624 2.648 3.672 0.692 2.716 2.74 3.764 0.784 2.808 2.832 2.856 3.88 2.9 3.92 0.936 3.956 3.972 3.984 3.992 2.996 4 2 1 1 1 1 1 1 1 1 1 1 1 1 1 1 1 1 1 1 1 1 1 1 1 1 1 1 1 1 
1 1 1 1 1 1 1 1 1 1 1 1 1 1 1 1 1 1 1 1 1 1 1 1 1 1 1 3 1.996 3.992 2.984 3.976 3.964 3.948 3.928 2.904 1.88 2.856 3.832 2.804 2.776 0.748 2.724 3.7 2.672 0.644 2.62 3.596 0.568 2.544 2.52 3.496 3.472 3.448 3.424 3.4 3.376 3.352 1.328 3.308 1.288 3.272 1.256 3.244 1.232 3.224 2.216 3.212 1.208 2.208 2.208 2.208 2.208 2.208 2.208 2.208 1.208 3.212 2.216 3.224 1.232 3.244 1.256 3.272 1.288 3.308 1.328 3.352 3.376 3.4 3.424 3.448 3.472 3.496 2.52 2.544 0.568 3.596 2.62 0.644 2.672 3.7 2.724 0.748 2.776 2.804 3.832 2.856 1.88 2.904 3.928 3.948 3.964 3.976 2.984 3.992 1.996 3 1 1 1 1 1 1 1 1 1 1 1 1 1 1 1 1 1 1 1 1 1 1 1 1 1 1 1 
1 1 1 1 1 1 1 1 1 1 1 1 1 1 1 1 1 1 1 1 1 1 1 1 1 2 4 3.996 3.988 1.976 2.964 3.952 3.936 3.916 3.892 2.864 3.836 0.804 3.776 2.744 0.712 2.684 2.656 3.628 0.596 2.568 2.54 2.512 3.484 3.456 3.428 3.4 3.372 3.344 3.316 3.288 3.26 1.232 3.208 1.184 3.164 2.144 3.128 1.112 3.1 3.088 0.076 3.072 2.068 3.068 3.068 3.068 3.068 3.068 3.068 3.068 2.068 3.072 0.076 3.088 3.1 1.112 3.128 2.144 3.164 1.184 3.208 1.232 3.26 3.288 3.316 3.344 3.372 3.4 3.428 3.456 3.484 2.512 2.54 2.568 0.596 3.628 2.656 2.684 0.712 2.744 3.776 0.804 3.836 2.864 3.892 3.916 3.936 3.952 2.964 1.976 3.988 3.996 4 2 1 1 1 1 1 1 1 1 1 1 1 1 1 1 1 1 1 1 1 1 1 1 1 1 1 
1 1 1 1 1 1 1 1 1 1 1 1 1 1 1 1 1 1 1 1 1 1 1 1 3 1.996 3.992 3.984 3.972 3.956 0.936 3.92 3.9 3.876 3.848 2.816 3.784 2.748 1.712 0.676 2.644 2.612 2.58 2.548 3.516 3.484 3.452 3.42 3.388 3.356 3.324 3.292 3.26 3.228 3.196 2.164 0.132 2.104 1.076 3.052 3.028 0.004 2.988 3.972 3.956 1.94 2.928 1.92 2.916 3.916 3.916 3.916 3.916 3.916 3.916 3.916 2.916 1.92 2.928 1.94 3.956 3.972 2.988 0.004 3.028 3.052 1.076 2.104 0.132 2.164 3.196 3.228 3.26 3.292 3.324 3.356 3.388 3.42 3.452 3.484 3.516 2.548 2.58 2.612 2.644 0.676 1.712 2.748 3.784 2.816 3.848 3.876 3.9 3.92 0.936 3.956 3.972 3.984 3.992 1.996 3 1 1 1 1 1 1 1 1 1 1 1 1 1 1 1 1 1 1 1 1 1 1 1 1 
1 1 1 1 1 1 1 1 1 1 1 1 1 1 1 1 1 1 1 1 1 1 2 4 3.996 3.988 1.976 3.964 3.948 3.928 2.904 1.88 3.856 3.828 3.796 2.76 3.724 2.684 2.644 1.604 3.568 3.532 3.496 3.46 3.424 3.388 3.352 3.316 3.28 3.244 3.208 3.172 3.136 3.1 1.064 3.032 4 3.968 2.936 3.908 2.88 2.856 3.836 3.816 2.796 3.78 0.764 3.756 0.748 3.748 3.748 3.748 3.748 3.748 3.748 3.748 0.748 3.756 0.764 3.78 2.796 3.816 3.836 2.856 2.88 3.908 2.936 3.968 4 3.032 1.064 3.1 3.136 3.172 3.208 3.244 3.28 3.316 3.352 3.388 3.424 3.46 3.496 3.532 3.568 1.604 2.644 2.684 3.724 2.76 3.796 3.828 3.856 1.88 2.904 3.928 3.948 3.964 1.976 3.988 3.996 4 2 1 1 1 1 1 1 1 1 1 1 1 1 1 1 1 1 1 1 1 1 1 1 
1 1 1 1 1 1 1 1 1 1 1 1 1 1 1 1 1 1 1 1 1 3 1.996 3.992 3.984 3.972 3.956 1.936 3.916 3.892 2.864 3.836 1.804 3.772 3.736 2.696 3.656 2.612 2.568 2.524 0.48 2.44 2.4 3.36 3.32 3.28 3.24 3.2 3.16 3.12 3.08 3.04 3 1.96 3.924 3.888 3.852 3.816 2.78 3.748 0.716 3.692 3.668 3.644 0.62 3.604 2.588 2.576 2.568 2.564 3.564 3.564 3.564 3.564 3.564 2.564 2.568 2.576 2.588 3.604 0.62 3.644 3.668 3.692 0.716 3.748 2.78 3.816 3.852 3.888 3.924 1.96 3 3.04 3.08 3.12 3.16 3.2 3.24 3.28 3.32 3.36 2.4 2.44 0.48 2.524 2.568 2.612 3.656 2.696 3.736 3.772 1.804 3.836 2.864 3.892 3.916 1.936 3.956 3.972 3.984 3.992 1.996 3 1 1 1 1 1 1 1 1 1 1 1 1 1 1 1 1 1 1 1 1 1 
1 1 1 1 1 1 1 1 1 1 1 1 1 1 1 1 1 1 1 1 3 2.996 2.988 0.976 2.964 3.948 3.928 3.904 1.876 3.848 2.816 3.784 3.748 1.708 3.668 2.624 3.58 2.532 2.484 2.436 2.388 0.34 3.296 0.248 2.204 3.16 3.116 3.072 3.028 2.984 2.94 2.896 2.852 1.808 3.768 3.728 3.688 3.648 2.608 2.572 2.54 3.512 3.484 2.456 2.432 2.412 3.396 0.38 3.372 0.364 3.364 3.364 3.364 3.364 3.364 0.364 3.372 0.38 3.396 2.412 2.432 2.456 3.484 3.512 2.54 2.572 2.608 3.648 3.688 3.728 3.768 1.808 2.852 2.896 2.94 2.984 3.028 3.072 3.116 3.16 2.204 0.248 3.296 0.34 2.388 2.436 2.484 2.532 3.58 2.624 3.668 1.708 3.748 3.784 2.816 3.848 1.876 3.904 3.928 3.948 2.964 0.976 2.988 2.996 3 1 1 1 1 1 1 1 1 1 1 1 1 1 1 1 1 1 1 1 1 
1 1 1 1 1 1 1 1 1 1 1 1 1 1 1 1 1 1 2 4 3.996 3.988 3.976 3.96 2.94 0.916 2.892 3.864 3.832 1.796 1.76 3.724 3.684 3.64 1.592 2.544 3.496 2.444 3.392 3.34 3.288 3.236 3.184 3.132 2.08 0.028 1.98 2.932 3.884 3.836 3.788 3.74 3.692 3.644 1.596 3.552 3.508 3.464 2.42 0.38 3.348 3.316 3.284 0.252 3.228 0.204 3.188 3.172 2.16 2.152 2.148 3.148 3.148 3.148 2.148 2.152 2.16 3.172 3.188 0.204 3.228 0.252 3.284 3.316 3.348 0.38 2.42 3.464 3.508 3.552 1.596 3.644 3.692 3.74 3.788 3.836 3.884 2.932 1.98 0.028 2.08 3.132 3.184 3.236 3.288 3.34 3.392 2.444 3.496 2.544 1.592 3.64 3.684 3.724 1.76 1.796 3.832 3.864 2.892 0.916 2.94 3.96 3.976 3.988 3.996 4 2 1 1 1 1 1 1 1 1 1 1 1 1 1 1 1 1 1 1 
1 1 1 1 1 1 1 1 1 1 1 1 1 1 1 1 1 2 0.996 2.992 2.984 2.972 3.956 3.936 3.912 3.884 2.852 0.816 2.78 1.74 3.7 1.656 3.612 3.564 3.512 0.456 3.404 3.348 0.288 2.232 2.176 3.12 0.06 2.004 2.948 3.892 3.836 2.78 0.724 2.672 3.62 3.568 3.516 3.464 3.412 1.36 3.312 3.264 0.216 2.176 3.14 3.104 2.068 3.036 3.008 2.984 3.964 0.944 2.932 3.924 0.916 3.916 3.916 3.916 0.916 3.924 2.932 0.944 3.964 2.984 3.008 3.036 2.068 3.104 3.14 2.176 0.216 3.264 3.312 1.36 3.412 3.464 3.516 3.568 3.62 2.672 0.724 2.78 3.836 3.892 2.948 2.004 0.06 3.12 2.176 2.232 0.288 3.348 3.404 0.456 3.512 3.564 3.612 1.656 3.7 1.74 2.78 0.816 2.852 3.884 3.912 3.936 3.956 2.972 2.984 2.992 0.996 2 1 1 1 1 1 1 1 1 1 1 1 1 1 1 1 1 1 
1 1 1 1 1 1 1 1 1 1 1 1 1 1 1 1 1 4 2.992 0.98 2.968 3.952 0.928 2.904 2.876 3.844 3.808 3.768 1.724 3.68 1.632 3.584 1.532 3.48 3.424 2.364 2.304 3.244 2.18 0.116 2.056 3.996 3.932 3.868 2.804 2.74 0.676 2.616 3.556 2.496 0.436 2.38 3.324 3.268 3.212 3.156 1.1 1.048 3 2.956 3.916 3.876 2.836 2.8 0.768 3.744 2.72 2.7 0.684 3.676 3.668 2.664 3.664 2.664 3.668 3.676 0.684 2.7 2.72 3.744 0.768 2.8 2.836 3.876 3.916 2.956 3 1.048 1.1 3.156 3.212 3.268 3.324 2.38 0.436 2.496 3.556 2.616 0.676 2.74 2.804 3.868 3.932 3.996 2.056 0.116 2.18 3.244 2.304 2.364 3.424 3.48 1.532 3.584 1.632 3.68 1.724 3.768 3.808 3.844 2.876 2.904 0.928 3.952 2.968 0.98 2.992 4 1 1 1 1 1 1 1 1 1 1 1 1 1 1 1 1 1 
1 1 1 1 1 1 1 1 1 1 1 1 1 1 1 1 3 3.996 2.984 2.968 0.948 3.928 2.9 0.868 3.836 0.796 2.756 3.712 3.664 1.612 3.56 1.504 3.448 1.388 3.328 3.264 0.196 3.132 2.064 2.996 2.928 3.86 2.788 0.716 3.648 0.576 2.508 2.44 0.372 2.308 3.244 2.18 0.116 2.056 2.996 3.936 2.876 3.82 0.764 2.716 3.672 3.628 2.584 0.544 2.512 3.484 0.456 2.436 3.42 3.408 0.396 2.392 3.392 2.392 0.396 3.408 3.42 2.436 0.456 3.484 2.512 0.544 2.584 3.628 3.672 2.716 0.764 3.82 2.876 3.936 2.996 2.056 0.116 2.18 3.244 2.308 0.372 2.44 2.508 0.576 3.648 0.716 2.788 3.86 2.928 2.996 2.064 3.132 0.196 3.264 3.328 1.388 3.448 1.504 3.56 1.612 3.664 3.712 2.756 0.796 3.836 0.868 2.9 3.928 0.948 2.968 2.984 3.996 3 1 1 1 1 1 1 1 1 1 1 1 1 1 1 1 1 
1 1 1 1 1 1 1 1 1 1 1 1 1 1 1 3 2.996 3.988 2.972 3.952 3.928 2.9 3.868 3.832 3.792 3.748 2.7 0.648 2.596 3.54 1.48 3.42 1.356 3.292 1.224 3.156 2.084 2.012 3.94 2.864 2.788 3.712 0.632 2.556 2.48 3.404 3.328 1.252 3.18 3.108 1.036 2.968 3.9 3.832 3.764 1.696 2.632 3.572 2.512 0.456 3.408 3.36 0.312 2.272 2.236 2.204 3.176 2.152 0.132 3.12 2.108 0.1 3.1 0.1 2.108 3.12 0.132 2.152 3.176 2.204 2.236 2.272 0.312 3.36 3.408 0.456 2.512 3.572 2.632 1.696 3.764 3.832 3.9 2.968 1.036 3.108 3.18 1.252 3.328 3.404 2.48 2.556 0.632 3.712 2.788 2.864 3.94 2.012 2.084 3.156 1.224 3.292 1.356 3.42 1.48 3.54 2.596 0.648 2.7 3.748 3.792 3.832 3.868 2.9 3.928 3.952 2.972 3.988 2.996 3 1 1 1 1 1 1 1 1 1 1 1 1 1 1 1 
1 1 1 1 1 1 1 1 1 1 1 1 1 1 2 1.996 2.988 3.976 3.956 0.928 2.9 3.868 0.828 3.788 0.74 2.692 3.64 3.584 2.524 0.46 2.396 0.328 2.26 1.188 3.116 2.04 3.964 2.884 3.804 2.72 2.636 2.552 3.468 3.384 3.3 3.216 1.132 3.052 2.972 1.892 3.816 3.74 3.664 3.588 2.512 3.44 0.368 3.304 2.24 3.18 2.124 2.072 3.024 2.98 2.94 2.904 0.872 2.848 3.828 3.812 3.8 3.792 1.788 3.792 3.8 3.812 3.828 2.848 0.872 2.904 2.94 2.98 3.024 2.072 2.124 3.18 2.24 3.304 0.368 3.44 2.512 3.588 3.664 3.74 3.816 1.892 2.972 3.052 1.132 3.216 3.3 3.384 3.468 2.552 2.636 2.72 3.804 2.884 3.964 2.04 3.116 1.188 2.26 0.328 2.396 0.46 2.524 3.584 3.64 2.692 0.74 3.788 0.828 3.868 2.9 0.928 3.956 3.976 2.988 1.996 2 1 1 1 1 1 1 1 1 1 1 1 1 1 1 
1 1 1 1 1 1 1 1 1 1 1 1 1 1 4 3.992 0.976 3.96 3.936 2.904 0.868 3.832 3.788 2.74 3.688 2.632 0.572 2.512 3.448 3.38 1.308 3.236 3.16 2.08 3 1.916 3.832 2.744 3.656 2.564 2.472 2.38 2.288 2.196 2.104 1.012 3.924 3.836 3.748 2.66 3.576 3.492 3.408 3.324 0.24 3.164 3.088 3.016 3.948 0.88 2.82 2.764 2.712 2.664 2.62 1.58 3.548 3.52 3.496 2.476 3.464 3.456 2.452 3.456 3.464 2.476 3.496 3.52 3.548 1.58 2.62 2.664 2.712 2.764 2.82 0.88 3.948 3.016 3.088 3.164 0.24 3.324 3.408 3.492 3.576 2.66 3.748 3.836 3.924 1.012 2.104 2.196 2.288 2.38 2.472 2.564 3.656 2.744 3.832 1.916 3 2.08 3.16 3.236 1.308 3.38 3.448 2.512 0.572 2.632 3.688 2.74 3.788 3.832 0.868 2.904 3.936 3.96 0.976 3.992 4 1 1 1 1 1 1 1 1 1 1 1 1 1 1 
1 1 1 1 1 1 1 1 1 1 1 1 1 3 3.996 3.984 2.964 2.94 3.912 2.876 3.836 3.792 0.74 3.688 0.628 2.568 3.504 2.436 0.364 2.292 3.216 3.136 3.052 1.964 3.876 3.784 1.688 2.592 3.496 2.396 2.296 2.196 3.096 2.996 3.896 3.796 1.696 3.6 3.504 2.408 3.316 3.224 3.132 2.04 2.952 3.868 2.784 0.704 3.632 3.56 1.492 3.432 3.376 3.324 3.276 2.232 3.196 3.164 3.136 0.112 3.1 3.092 2.088 3.092 3.1 0.112 3.136 3.164 3.196 2.232 3.276 3.324 3.376 3.432 1.492 3.56 3.632 0.704 2.784 3.868 2.952 2.04 3.132 3.224 3.316 2.408 3.504 3.6 1.696 3.796 3.896 2.996 3.096 2.196 2.296 2.396 3.496 2.592 1.688 3.784 3.876 1.964 3.052 3.136 3.216 2.292 0.364 2.436 3.504 2.568 0.628 3.688 0.74 3.792 3.836 2.876 3.912 2.94 2.964 3.984 3.996 3 1 1 1 1 1 1 1 1 1 1 1 1 1 
1 1 1 1 1 1 1 1 1 1 1 1 2 1.996 3.988 3.972 3.948 0.916 3.884 3.844 0.796 3.748 2.692 2.632 2.568 2.5 0.428 2.356 3.28 3.2 3.116 3.028 3.936 3.84 1.74 3.64 3.536 0.428 3.324 3.216 3.108 4 0.888 3.78 0.668 2.56 3.452 1.344 2.24 1.136 3.036 3.936 3.836 2.736 2.64 3.548 0.456 2.372 3.292 0.212 2.14 1.072 3.012 3.956 3.904 2.856 3.816 3.78 2.748 2.724 2.708 3.7 2.696 3.7 2.708 2.724 2.748 3.78 3.816 2.856 3.904 3.956 3.012 1.072 2.14 0.212 3.292 2.372 0.456 3.548 2.64 2.736 3.836 3.936 3.036 1.136 2.24 1.344 3.452 2.56 0.668 3.78 0.888 4 3.108 3.216 3.324 0.428 3.536 3.64 1.74 3.84 3.936 3.028 3.116 3.2 3.28 2.356 0.428 2.5 2.568 2.632 2.692 3.748 0.796 3.844 3.884 0.916 3.948 3.972 3.988 1.996 2 1 1 1 1 1 1 1 1 1 1 1 1 
1 1 1 1 1 1 1 1 1 1 1 1 4 3.992 1.976 3.956 3.928 2.892 2.852 3.808 2.756 2.7 3.64 0.572 3.504 0.428 2.352 2.272 2.188 2.1 2.008 3.912 0.808 2.704 3.596 1.484 3.372 2.256 3.14 0.02 1.904 3.788 3.668 2.548 3.428 2.308 0.188 1.072 2.96 3.848 3.736 1.624 3.516 2.408 2.304 2.204 3.108 3.016 2.928 3.844 3.764 2.688 3.62 2.556 3.5 2.448 3.404 3.364 0.328 3.304 0.284 3.276 2.272 3.276 0.284 3.304 0.328 3.364 3.404 2.448 3.5 2.556 3.62 2.688 3.764 3.844 2.928 3.016 3.108 2.204 2.304 2.408 3.516 1.624 3.736 3.848 2.96 1.072 0.188 2.308 3.428 2.548 3.668 3.788 1.904 0.02 3.14 2.256 3.372 1.484 3.596 2.704 0.808 3.912 2.008 2.1 2.188 2.272 2.352 0.428 3.504 0.572 3.64 2.7 2.756 3.808 2.852 2.892 3.928 3.956 1.976 3.992 4 1 1 1 1 1 1 1 1 1 1 1 1 
1 1 1 1 1 1 1 1 1 1 1 3 3.996 3.984 3.964 1.936 3.904 3.864 0.816 3.768 3.712 0.648 3.584 2.512 2.436 2.356 2.272 2.184 2.092 1.996 3.896 1.788 2.676 2.56 0.44 2.32 1.196 3.072 1.944 2.816 2.688 3.56 0.428 3.3 0.168 2.04 2.912 1.784 2.66 2.536 1.412 3.292 1.172 2.056 2.944 2.836 3.732 3.632 3.536 3.444 3.356 2.272 3.196 0.124 3.064 3.008 3.96 2.916 3.88 3.852 3.832 2.82 2.816 2.82 3.832 3.852 3.88 2.916 3.96 3.008 3.064 0.124 3.196 2.272 3.356 3.444 3.536 3.632 3.732 2.836 2.944 2.056 1.172 3.292 1.412 2.536 2.66 1.784 2.912 2.04 0.168 3.3 0.428 3.56 2.688 2.816 1.944 3.072 1.196 2.32 0.44 2.56 2.676 1.788 3.896 1.996 2.092 2.184 2.272 2.356 2.436 2.512 3.584 0.648 3.712 3.768 0.816 3.864 3.904 1.936 3.964 3.984 3.996 3 1 1 1 1 1 1 1 1 1 1 1 
1 1 1 1 1 1 1 1 1 1 2 1.996 3.988 3.972 3.948 3.916 1.876 3.832 2.78 1.724 3.664 2.596 2.524 3.448 0.364 3.28 2.188 2.092 1.992 3.888 1.776 3.66 2.536 1.408 3.28 3.148 2.012 3.876 2.736 2.596 2.456 2.316 3.176 3.036 3.896 3.756 3.616 2.476 3.34 3.204 2.068 1.936 3.808 2.68 0.556 3.44 0.324 2.216 3.112 3.012 2.916 1.824 1.74 2.664 3.596 0.532 3.48 2.432 2.392 0.36 2.34 3.328 3.324 3.328 2.34 0.36 2.392 2.432 3.48 0.532 3.596 2.664 1.74 1.824 2.916 3.012 3.112 2.216 0.324 3.44 0.556 2.68 3.808 1.936 2.068 3.204 3.34 2.476 3.616 3.756 3.896 3.036 3.176 2.316 2.456 2.596 2.736 3.876 2.012 3.148 3.28 1.408 2.536 3.66 1.776 3.888 1.992 2.092 2.188 3.28 0.364 3.448 2.524 2.596 3.664 1.724 2.78 3.832 1.876 3.916 3.948 3.972 3.988 1.996 2 1 1 1 1 1 1 1 1 1 1 
1 1 1 1 1 1 1 1 1 1 4 3.992 1.976 3.956 3.928 3.892 3.848 1.796 1.74 3.68 1.612 3.54 0.46 3.38 2.292 3.2 2.1 1.996 3.888 1.772 3.652 3.524 2.388 1.248 3.108 3.964 3.816 1.664 2.512 3.36 3.208 3.056 3.904 3.752 3.6 3.448 3.296 2.144 2.996 2.848 1.7 2.556 3.416 0.276 2.144 2.016 2.892 2.772 1.656 3.548 3.444 2.344 2.252 2.168 2.092 3.024 2.964 2.912 1.868 3.836 3.812 1.796 3.792 1.796 3.812 3.836 1.868 2.912 2.964 3.024 2.092 2.168 2.252 2.344 3.444 3.548 1.656 2.772 2.892 2.016 2.144 0.276 3.416 2.556 1.7 2.848 2.996 2.144 3.296 3.448 3.6 3.752 3.904 3.056 3.208 3.36 2.512 1.664 3.816 3.964 3.108 1.248 2.388 3.524 3.652 1.772 3.888 1.996 2.1 3.2 2.292 3.38 0.46 3.54 1.612 3.68 1.74 1.796 3.848 3.892 3.928 3.956 1.976 3.992 4 1 1 1 1 1 1 1 1 1 1 
1 1 1 1 1 1 1 1 1 2 2.996 2.984 2.964 0.936 2.904 2.864 2.816 1.76 3.7 1.632 3.56 1.48 2.396 1.308 3.216 3.116 2.008 3.896 1.776 3.652 3.52 3.38 2.232 2.08 1.924 0.764 2.604 3.44 2.272 0.104 1.94 3.776 0.608 2.444 3.28 3.116 2.952 1.788 3.628 3.468 3.308 0.148 1.996 3.848 3.704 3.564 3.428 3.296 2.168 2.048 3.936 3.828 3.728 3.636 3.552 3.476 1.408 3.352 2.304 3.268 2.24 3.224 0.216 3.224 2.24 3.268 2.304 3.352 1.408 3.476 3.552 3.636 3.728 3.828 3.936 2.048 2.168 3.296 3.428 3.564 3.704 3.848 1.996 0.148 3.308 3.468 3.628 1.788 2.952 3.116 3.28 2.444 0.608 3.776 1.94 0.104 2.272 3.44 2.604 0.764 1.924 2.08 2.232 3.38 3.52 3.652 1.776 3.896 2.008 3.116 3.216 1.308 2.396 1.48 3.56 1.632 3.7 1.76 2.816 2.864 2.904 0.936 2.964 2.984 2.996 2 1 1 1 1 1 1 1 1 1 
1 1 1 1 1 1 1 1 1 4 3.992 3.976 3.952 3.92 1.88 3.836 3.784 3.724 1.656 3.584 1.504 3.42 0.328 3.236 3.136 3.028 3.912 1.788 3.66 3.524 3.38 3.228 2.068 3.904 2.732 1.556 3.38 3.2 1.016 2.836 2.656 2.476 3.296 3.116 0.936 2.76 3.584 3.408 1.232 3.06 3.888 3.716 2.548 0.384 2.228 3.076 3.928 3.784 2.644 2.512 3.388 0.268 2.16 3.06 2.968 1.884 3.812 2.748 2.696 3.656 0.624 3.608 1.6 3.608 0.624 3.656 2.696 2.748 3.812 1.884 2.968 3.06 2.16 0.268 3.388 2.512 2.644 3.784 3.928 3.076 2.228 0.384 2.548 3.716 3.888 3.06 1.232 3.408 3.584 2.76 0.936 3.116 3.296 2.476 2.656 2.836 1.016 3.2 3.38 1.556 2.732 3.904 2.068 3.228 3.38 3.524 3.66 1.788 3.912 3.028 3.136 3.236 0.328 3.42 1.504 3.584 1.656 3.724 3.784 3.836 1.88 3.92 3.952 3.976 3.992 4 1 1 1 1 1 1 1 1 1 
1 1 1 1 1 1 1 1 3 3.996 3.984 3.964 3.936 3.9 3.856 1.804 3.748 3.684 3.612 1.532 3.448 1.356 2.26 3.16 3.052 3.936 0.808 2.676 2.536 2.388 2.232 2.068 2.896 3.716 2.528 3.336 2.14 3.944 1.744 3.548 3.352 3.156 2.96 1.764 3.572 3.38 1.188 3 3.812 3.624 3.436 0.248 2.068 2.892 2.72 2.552 1.388 3.232 2.08 2.936 2.8 3.672 3.552 2.44 3.34 2.248 3.168 0.096 2.04 1.996 2.964 2.944 1.936 2.944 2.964 1.996 2.04 0.096 3.168 2.248 3.34 2.44 3.552 3.672 2.8 2.936 2.08 3.232 1.388 2.552 2.72 2.892 2.068 0.248 3.436 3.624 3.812 3 1.188 3.38 3.572 1.764 2.96 3.156 3.352 3.548 1.744 3.944 2.14 3.336 2.528 3.716 2.896 2.068 2.232 2.388 2.536 2.676 0.808 3.936 3.052 3.16 2.26 1.356 3.448 1.532 3.612 3.684 3.748 1.804 3.856 3.9 3.936 3.964 3.984 3.996 3 1 1 1 1 1 1 1 1 
1 1 1 1 1 1 1 2 1.996 3.988 3.972 3.948 3.916 3.876 3.828 3.772 1.708 3.64 3.564 3.48 1.388 3.292 1.188 2.08 1.964 3.84 2.704 2.56 1.408 1.248 2.08 3.904 3.716 0.516 3.312 3.1 2.884 2.668 3.452 1.236 3.024 2.812 2.6 1.388 2.18 0.972 3.768 3.564 3.36 3.156 1.952 3.752 3.556 3.364 3.176 2.992 1.812 1.64 3.476 0.316 2.168 3.028 3.896 0.772 3.664 2.564 2.476 3.4 2.336 3.288 3.252 1.228 1.22 1.228 3.252 3.288 2.336 3.4 2.476 2.564 3.664 0.772 3.896 3.028 2.168 0.316 3.476 1.64 1.812 2.992 3.176 3.364 3.556 3.752 1.952 3.156 3.36 3.564 3.768 0.972 2.18 1.388 2.6 2.812 3.024 1.236 3.452 2.668 2.884 3.1 3.312 0.516 3.716 3.904 2.08 1.248 1.408 2.56 2.704 3.84 1.964 2.08 1.188 3.292 1.388 3.48 3.564 3.64 1.708 3.772 3.828 3.876 3.916 3.948 3.972 3.988 1.996 2 1 1 1 1 1 1 1 
1 1 1 1 1 1 1 4 3.992 1.976 3.956 3.928 3.892 3.848 3.796 3.736 3.668 1.592 3.512 3.424 3.328 1.224 3.116 3 3.876 1.74 3.596 0.44 3.28 3.108 1.924 2.732 2.528 3.312 2.084 3.848 1.608 3.372 2.136 3.904 1.672 3.444 3.216 1.988 3.764 3.54 1.316 3.096 3.876 3.656 3.436 0.216 2.004 2.796 3.592 3.392 2.196 3.008 2.828 3.656 3.492 3.336 0.188 3.056 2.936 3.828 3.732 3.648 0.576 3.524 2.484 3.46 3.452 3.46 2.484 3.524 0.576 3.648 3.732 3.828 2.936 3.056 0.188 3.336 3.492 3.656 2.828 3.008 2.196 3.392 3.592 2.796 2.004 0.216 3.436 3.656 3.876 3.096 1.316 3.54 3.764 1.988 3.216 3.444 1.672 3.904 2.136 3.372 1.608 3.848 2.084 3.312 2.528 2.732 1.924 3.108 3.28 0.44 3.596 1.74 3.876 3 3.116 1.224 3.328 3.424 3.512 1.592 3.668 3.736 3.796 3.848 3.892 3.928 3.956 1.976 3.992 4 1 1 1 1 1 1 1 
1 1 1 1 1 1 2 2.996 2.984 2.964 0.936 2.904 2.864 2.816 2.76 2.696 2.624 2.544 0.456 2.364 3.264 3.156 2.04 1.916 3.784 3.64 1.484 2.32 3.148 3.964 0.764 1.556 3.336 3.1 3.848 2.576 3.312 2.052 1.796 1.544 3.296 1.048 2.804 3.56 1.316 3.076 3.836 3.596 1.356 3.12 3.884 3.648 3.416 3.188 1.964 3.748 3.536 0.328 2.132 2.944 3.764 2.592 3.432 1.284 3.152 2.032 3.928 2.836 3.76 3.7 3.656 1.628 3.62 1.628 3.656 3.7 3.76 2.836 3.928 2.032 3.152 1.284 3.432 2.592 3.764 2.944 2.132 0.328 3.536 3.748 1.964 3.188 3.416 3.648 3.884 3.12 1.356 3.596 3.836 3.076 1.316 3.56 2.804 1.048 3.296 1.544 1.796 2.052 3.312 2.576 3.848 3.1 3.336 1.556 0.764 3.964 3.148 2.32 1.484 3.64 3.784 1.916 2.04 3.156 3.264 2.364 0.456 2.544 2.624 2.696 2.76 2.816 2.864 2.904 0.936 2.964 2.984 2.996 2 1 1 1 1 1 1 
1 1 1 1 1 1 4 3.992 3.976 3.952 3.92 1.88 3.836 3.784 3.724 3.656 3.58 3.496 3.404 2.304 0.196 2.084 3.964 3.832 1.688 3.536 3.372 1.196 2.012 3.816 2.604 3.38 2.14 2.884 1.608 3.312 2.024 2.744 2.468 2.196 1.928 3.664 3.4 2.136 3.876 3.616 3.356 2.096 3.84 3.584 3.328 2.072 2.82 2.572 1.328 1.092 3.864 3.64 3.424 3.216 2.016 2.828 1.652 3.492 2.344 3.212 3.096 3.996 3.912 1.844 1.796 3.768 0.756 3.768 1.796 1.844 3.912 3.996 3.096 3.212 2.344 3.492 1.652 2.828 2.016 3.216 3.424 3.64 3.864 1.092 1.328 2.572 2.82 2.072 3.328 3.584 3.84 2.096 3.356 3.616 3.876 2.136 3.4 3.664 1.928 2.196 2.468 2.744 2.024 3.312 1.608 2.884 2.14 3.38 2.604 3.816 2.012 1.196 3.372 3.536 1.688 3.832 3.964 2.084 0.196 2.304 3.404 3.496 3.58 3.656 3.724 3.784 3.836 1.88 3.92 3.952 3.976 3.992 4 1 1 1 1 1 1 
1 1 1 1 1 2 2.996 2.984 2.964 2.936 2.9 2.856 0.804 2.748 2.684 2.612 2.532 2.444 3.348 3.244 3.132 2.012 2.884 2.744 2.592 0.428 2.256 3.072 3.876 1.664 3.44 3.2 3.944 2.668 3.372 2.052 2.744 3.444 3.148 2.856 2.568 3.284 3 1.716 2.436 3.156 2.876 1.596 3.32 3.044 3.768 3.492 0.216 1.948 1.684 3.428 2.176 2.932 3.696 3.468 2.248 1.04 1.848 3.672 2.508 1.36 3.232 2.12 2.028 2.956 2.904 2.872 1.86 2.872 2.904 2.956 2.028 2.12 3.232 1.36 2.508 3.672 1.848 1.04 2.248 3.468 3.696 2.932 2.176 3.428 1.684 1.948 0.216 3.492 3.768 3.044 3.32 1.596 2.876 3.156 2.436 1.716 3 3.284 2.568 2.856 3.148 3.444 2.744 2.052 3.372 2.668 3.944 3.2 3.44 1.664 3.876 3.072 2.256 0.428 2.592 2.744 2.884 2.012 3.132 3.244 3.348 2.444 2.532 2.612 2.684 2.748 0.804 2.856 2.9 2.936 2.964 2.984 2.996 2 1 1 1 1 1 
1 1 1 1 1 4 3.992 3.976 3.952 3.92 3.88 3.832 3.776 1.712 2.644 2.568 2.484 3.392 0.288 2.18 2.064 3.94 3.804 3.656 3.496 3.324 3.14 1.944 2.736 2.512 2.272 1.016 1.744 3.452 2.136 1.796 2.468 3.148 2.832 2.52 2.212 2.908 2.604 1.3 4 0.696 2.396 3.096 0.796 3.5 1.2 2.904 2.608 3.316 2.028 3.748 2.472 3.204 1.944 3.696 3.456 2.228 3.016 2.82 3.64 2.476 2.332 1.208 3.108 2.028 3.972 2.936 2.924 2.936 3.972 2.028 3.108 1.208 2.332 2.476 3.64 2.82 3.016 2.228 3.456 3.696 1.944 3.204 2.472 3.748 2.028 3.316 2.608 2.904 1.2 3.5 0.796 3.096 2.396 0.696 4 1.3 2.604 2.908 2.212 2.52 2.832 3.148 2.468 1.796 2.136 3.452 1.744 1.016 2.272 2.512 2.736 1.944 3.14 3.324 3.496 3.656 3.804 3.94 2.064 2.18 0.288 3.392 2.484 2.568 2.644 1.712 3.776 3.832 3.88 3.92 3.952 3.976 3.992 4 1 1 1 1 1 
1 1 1 1 2 2.996 2.984 2.964 2.936 2.9 2.856 2.804 2.744 0.676 1.604 2.524 2.436 3.34 2.232 0.116 2.996 2.864 2.72 2.564 2.396 3.216 0.02 2.816 2.596 3.36 0.104 2.836 3.548 1.236 3.904 1.544 2.196 2.856 2.52 2.188 1.86 3.536 3.212 3.888 2.564 3.24 2.916 1.592 3.272 3.952 1.628 3.308 3.988 1.668 3.356 2.048 3.748 0.452 1.168 2.896 0.632 3.384 1.148 2.932 1.732 2.552 1.392 2.256 3.144 3.056 2.992 1.952 2.94 1.952 2.992 3.056 3.144 2.256 1.392 2.552 1.732 2.932 1.148 3.384 0.632 2.896 1.168 0.452 3.748 2.048 3.356 1.668 3.988 3.308 1.628 3.952 3.272 1.592 2.916 3.24 2.564 3.888 3.212 3.536 1.86 2.188 2.52 2.856 2.196 1.544 3.904 1.236 3.548 2.836 0.104 3.36 2.596 2.816 0.02 3.216 2.396 2.564 2.72 2.864 2.996 0.116 2.232 3.34 2.436 2.524 1.604 0.676 2.744 2.804 2.856 2.9 2.936 2.964 2.984 2.996 2 1 1 1 1 
1 1 1 1 4 3.992 3.976 3.952 3.92 2.88 2.832 2.776 0.712 2.644 3.568 0.48 2.388 3.288 2.176 2.056 2.928 2.788 2.636 2.472 2.296 3.108 1.904 2.688 2.456 3.208 1.94 2.656 3.352 3.024 1.672 3.296 1.928 2.568 2.212 1.86 3.512 1.164 3.82 0.472 3.128 1.78 1.432 0.084 1.74 3.396 3.048 2.7 2.352 0.004 1.664 1.328 2 3.68 3.368 3.068 3.78 2.504 2.244 3.004 3.784 2.584 3.408 3.256 0.128 3.032 1.96 0.916 3.904 0.916 1.96 3.032 0.128 3.256 3.408 2.584 3.784 3.004 2.244 2.504 3.78 3.068 3.368 3.68 2 1.328 1.664 0.004 2.352 2.7 3.048 3.396 1.74 0.084 1.432 1.78 3.128 0.472 3.82 1.164 3.512 1.86 2.212 2.568 1.928 3.296 1.672 3.024 3.352 2.656 1.94 3.208 2.456 2.688 1.904 3.108 2.296 2.472 2.636 2.788 2.928 2.056 2.176 3.288 2.388 0.48 3.568 2.644 0.712 2.776 2.832 2.88 3.92 3.952 3.976 3.992 4 1 1 1 1 
1 1 1 2 2.996 2.984 2.964 2.936 0.9 3.86 2.808 0.748 2.684 2.612 3.532 2.44 0.34 3.236 3.12 3.996 3.86 3.712 2.552 2.38 2.196 4 3.788 3.56 2.316 3.056 3.776 2.476 3.156 2.812 3.444 1.048 3.664 3.284 2.908 3.536 1.164 2.796 2.428 3.06 3.692 2.32 1.948 2.576 2.204 3.832 2.456 3.08 3.704 3.328 3.956 2.588 3.228 2.876 0.532 3.204 3.888 3.584 3.296 2.028 2.784 3.564 2.368 3.2 3.06 3.952 2.872 3.824 2.808 3.824 2.872 3.952 3.06 3.2 2.368 3.564 2.784 2.028 3.296 3.584 3.888 3.204 0.532 2.876 3.228 2.588 3.956 3.328 3.704 3.08 2.456 3.832 2.204 2.576 1.948 2.32 3.692 3.06 2.428 2.796 1.164 3.536 2.908 3.284 3.664 1.048 3.444 2.812 3.156 2.476 3.776 3.056 2.316 3.56 3.788 4 2.196 2.38 2.552 3.712 3.86 3.996 3.12 3.236 0.34 2.44 3.532 2.612 2.684 0.748 2.808 3.86 0.9 2.936 2.964 2.984 2.996 2 1 1 1 
1 1 1 4 3.992 2.976 2.952 0.92 2.884 3.84 0.784 2.724 2.656 2.58 3.496 2.4 3.296 3.184 0.06 3.932 2.788 0.632 3.468 2.288 3.096 0.888 3.668 0.428 3.176 3.904 0.608 3.296 2.96 2.6 3.216 2.804 3.4 3 2.604 3.212 3.82 2.428 2.036 1.644 3.252 1.856 3.46 2.06 3.66 2.256 3.852 2.444 3.036 3.628 1.22 2.82 0.424 3.04 3.664 2.3 3.952 3.616 1.296 2 1.728 2.484 3.268 2.08 0.924 2.804 3.716 0.66 3.644 0.66 3.716 2.804 0.924 2.08 3.268 2.484 1.728 2 1.296 3.616 3.952 2.3 3.664 3.04 0.424 2.82 1.22 3.628 3.036 2.444 3.852 2.256 3.66 2.06 3.46 1.856 3.252 1.644 2.036 2.428 3.82 3.212 2.604 3 3.4 2.804 3.216 2.6 2.96 3.296 0.608 3.904 3.176 0.428 3.668 0.888 3.096 2.288 3.468 0.632 2.788 3.932 0.06 3.184 3.296 2.4 3.496 2.58 2.656 2.724 0.784 3.84 2.884 0.92 2.952 2.976 3.992 4 1 1 1 
1 1 2 2.996 0.984 3.968 0.94 2.908 2.868 2.82 3.764 3.7 3.628 2.548 3.46 3.36 0.248 3.132 2.004 3.868 0.716 2.556 3.384 2.196 2.996 3.78 2.548 3.3 3.036 3.752 2.444 3.116 1.764 1.388 1.988 3.56 2.136 1.716 1.3 3.888 0.472 3.06 1.644 3.228 0.808 2.388 2.964 3.536 3.104 1.668 3.232 3.792 2.348 2.904 0.46 3.024 2.592 3.168 0.752 2.352 3.968 2.596 2.244 2.916 1.612 2.34 3.1 2.892 3.72 3.584 2.484 3.424 3.404 3.424 2.484 3.584 3.72 2.892 3.1 2.34 1.612 2.916 2.244 2.596 3.968 2.352 0.752 3.168 2.592 3.024 0.46 2.904 2.348 3.792 3.232 1.668 3.104 3.536 2.964 2.388 0.808 3.228 1.644 3.06 0.472 3.888 1.3 1.716 2.136 3.56 1.988 1.388 1.764 3.116 2.444 3.752 3.036 3.3 2.548 3.78 2.996 2.196 3.384 2.556 0.716 3.868 2.004 3.132 0.248 3.36 3.46 2.548 3.628 3.7 3.764 2.82 2.868 2.908 0.94 3.968 0.984 2.996 2 1 1 
1 1 4 1.992 3.98 3.96 3.932 3.896 3.852 2.8 2.74 2.672 0.596 3.516 3.424 3.32 2.204 2.08 2.948 2.804 3.648 2.48 3.3 2.104 3.896 0.668 3.428 0.168 3.896 3.6 3.28 0.936 3.572 2.18 3.764 1.316 3.876 2.436 4 2.564 3.128 3.692 3.252 0.808 2.364 3.916 2.46 2 2.536 3.068 2.596 3.12 3.64 1.156 3.676 1.196 3.724 1.256 2.8 0.356 3.932 1.52 3.132 3.768 0.428 1.124 1.856 1.624 2.432 3.28 2.168 2.1 0.076 2.1 2.168 3.28 2.432 1.624 1.856 1.124 0.428 3.768 3.132 1.52 3.932 0.356 2.8 1.256 3.724 1.196 3.676 1.156 3.64 3.12 2.596 3.068 2.536 2 2.46 3.916 2.364 0.808 3.252 3.692 3.128 2.564 4 2.436 3.876 1.316 3.764 2.18 3.572 0.936 3.28 3.6 3.896 0.168 3.428 0.668 3.896 2.104 3.3 2.48 3.648 2.804 2.948 2.08 2.204 3.32 3.424 3.516 0.596 2.672 2.74 2.8 3.852 3.896 3.932 3.96 3.98 1.992 4 1 1 
1 2 0.996 2.988 2.972 0.948 3.92 2.88 0.832 3.78 2.716 0.644 2.568 3.484 3.388 3.28 3.16 0.028 3.892 2.74 0.576 3.404 3.216 1.012 3.796 2.56 2.308 2.04 3.756 3.448 3.116 2.76 3.38 0.972 3.54 3.076 3.616 3.156 0.696 3.24 1.78 2.32 1.856 2.388 3.916 3.436 1.948 2.456 0.956 1.452 3.944 3.428 3.908 3.384 3.86 3.336 1.816 3.304 1.8 3.312 3.84 2.384 1.952 3.548 2.172 1.832 2.532 2.272 3.056 1.884 2.76 1.684 3.66 1.684 2.76 1.884 3.056 2.272 2.532 1.832 2.172 3.548 1.952 2.384 3.84 3.312 1.8 3.304 1.816 3.336 3.86 3.384 3.908 3.428 3.944 1.452 0.956 2.456 1.948 3.436 3.916 2.388 1.856 2.32 1.78 3.24 0.696 3.156 3.616 3.076 3.54 0.972 3.38 2.76 3.116 3.448 3.756 2.04 2.308 2.56 3.796 1.012 3.216 3.404 0.576 2.74 3.892 0.028 3.16 3.28 3.388 3.484 2.568 0.644 2.716 3.78 0.832 2.88 3.92 0.948 2.972 2.988 0.996 2 1 
1 2 3.996 2.984 0.964 2.94 3.908 0.864 2.816 3.76 0.692 2.62 2.54 3.452 3.352 3.24 3.116 1.98 3.836 0.676 2.508 3.328 1.132 3.924 1.696 3.452 0.188 2.912 3.616 3.296 2.952 3.584 1.188 3.768 1.316 3.836 3.356 2.876 2.396 2.916 1.432 1.948 3.46 2.964 2.46 1.948 0.428 3.904 3.368 3.824 3.272 1.712 2.148 3.58 3.008 2.436 3.868 3.304 1.748 3.208 2.684 3.18 3.7 2.248 3.832 2.452 3.116 2.824 2.58 3.388 2.248 2.164 2.136 2.164 2.248 3.388 2.58 2.824 3.116 2.452 3.832 2.248 3.7 3.18 2.684 3.208 1.748 3.304 3.868 2.436 3.008 3.58 2.148 1.712 3.272 3.824 3.368 3.904 0.428 1.948 2.46 2.964 3.46 1.948 1.432 2.916 2.396 2.876 3.356 3.836 1.316 3.768 1.188 3.584 2.952 3.296 3.616 2.912 0.188 3.452 1.696 3.924 1.132 3.328 2.508 0.676 3.836 1.98 3.116 3.24 3.352 3.452 2.54 2.62 0.692 3.76 2.816 0.864 3.908 2.94 0.964 2.984 3.996 2 1 
1 3 0.992 2.98 3.96 3.932 2.896 3.852 3.8 2.74 3.672 3.596 2.512 3.42 3.316 3.2 3.072 2.932 2.78 2.616 2.44 1.252 3.052 3.836 3.6 1.344 1.072 1.784 2.476 2.144 1.788 3.408 3 3.564 3.096 3.596 2.096 1.596 3.096 1.592 0.084 2.576 2.06 3.536 2 2.456 3.904 3.34 3.764 2.176 1.58 2.976 3.364 2.744 2.12 3.496 2.872 3.252 3.64 2.04 3.46 3.9 2.364 0.86 2.396 1.972 3.596 3.268 0.992 1.776 1.62 3.528 2.496 3.528 1.62 1.776 0.992 3.268 3.596 1.972 2.396 0.86 2.364 3.9 3.46 2.04 3.64 3.252 2.872 3.496 2.12 2.744 3.364 2.976 1.58 2.176 3.764 3.34 3.904 2.456 2 3.536 2.06 2.576 0.084 1.592 3.096 1.596 2.096 3.596 3.096 3.564 3 3.408 1.788 2.144 2.476 1.784 1.072 1.344 3.6 3.836 3.052 1.252 2.44 2.616 2.78 2.932 3.072 3.2 3.316 3.42 2.512 3.596 3.672 2.74 3.8 3.852 2.896 3.932 3.96 2.98 0.992 3 1 
1 4 3.992 3.976 2.952 0.92 3.884 2.836 0.78 3.72 2.648 0.568 3.484 3.388 3.28 3.16 3.028 3.884 0.724 3.556 0.372 3.18 2.972 3.748 3.504 2.24 2.96 2.66 3.34 2.996 3.628 1.232 3.812 3.36 3.876 1.356 3.84 3.32 0.796 3.272 1.74 2.204 3.66 3.104 2.536 0.956 3.368 3.764 2.144 0.512 3.872 1.216 3.552 0.876 2.196 2.512 3.828 2.144 2.468 1.804 3.16 2.536 1.94 3.38 3.86 3.384 2.96 2.592 3.284 3.04 1.864 3.76 2.724 3.76 1.864 3.04 3.284 2.592 2.96 3.384 3.86 3.38 1.94 2.536 3.16 1.804 2.468 2.144 3.828 2.512 2.196 0.876 3.552 1.216 3.872 0.512 2.144 3.764 3.368 0.956 2.536 3.104 3.66 2.204 1.74 3.272 0.796 3.32 3.84 1.356 3.876 3.36 3.812 1.232 3.628 2.996 3.34 2.66 2.96 2.24 3.504 3.748 2.972 3.18 0.372 3.556 0.724 3.884 3.028 3.16 3.28 3.388 3.484 0.568 2.648 3.72 0.78 2.836 3.884 0.92 2.952 3.976 3.992 4 1 
2 0.996 3.988 0.968 2.944 3.912 3.872 0.82 2.764 3.7 0.624 2.544 3.456 3.356 3.244 3.12 2.984 3.836 2.672 2.496 2.308 3.108 1.892 2.66 2.408 1.136 3.848 2.536 3.204 2.848 3.468 3.06 3.624 3.156 3.656 3.12 3.584 3.044 3.5 3.952 3.396 3.832 2.256 1.668 3.068 1.452 3.824 2.176 0.512 2.836 3.144 3.436 0.712 3.98 3.236 1.484 2.732 2.98 2.232 1.496 3.78 2.084 3.42 2.792 3.208 0.672 2.196 3.784 2.436 1.16 3.964 2.844 3.804 2.844 3.964 1.16 2.436 3.784 2.196 0.672 3.208 2.792 3.42 2.084 3.78 1.496 2.232 2.98 2.732 1.484 3.236 3.98 0.712 3.436 3.144 2.836 0.512 2.176 3.824 1.452 3.068 1.668 2.256 3.832 3.396 3.952 3.5 3.044 3.584 3.12 3.656 3.156 3.624 3.06 3.468 2.848 3.204 2.536 3.848 1.136 2.408 2.66 1.892 3.108 2.308 2.496 2.672 3.836 2.984 3.12 3.244 3.356 3.456 2.544 0.624 3.7 2.764 0.82 3.872 3.912 2.944 0.968 3.988 0.996 2 
2 3.996 2.984 3.964 2.936 0.9 3.86 3.808 2.748 2.68 3.604 2.52 3.428 3.324 3.208 3.08 2.94 3.788 3.62 0.436 3.244 1.036 3.816 3.576 3.316 3.036 3.736 1.412 2.068 1.7 3.308 3.888 3.436 1.952 3.436 3.884 3.328 3.768 1.2 1.628 3.048 2.456 3.852 3.232 2.596 3.944 3.272 1.58 3.872 3.144 1.396 3.632 3.848 2.048 3.236 1.412 1.584 3.756 1.928 3.112 2.312 2.536 2.792 3.088 2.432 3.832 0.292 3.828 3.436 2.124 2.9 3.764 0.716 3.764 2.9 2.124 3.436 3.828 0.292 3.832 2.432 3.088 2.792 2.536 2.312 3.112 1.928 3.756 1.584 1.412 3.236 2.048 3.848 3.632 1.396 3.144 3.872 1.58 3.272 3.944 2.596 3.232 3.852 2.456 3.048 1.628 1.2 3.768 3.328 3.884 3.436 1.952 3.436 3.888 3.308 1.7 2.068 1.412 3.736 3.036 3.316 3.576 3.816 1.036 3.244 0.436 3.62 3.788 2.94 3.08 3.208 3.324 3.428 2.52 3.604 2.68 2.748 3.808 3.86 0.9 2.936 3.964 2.984 3.996 2 
3 0.992 3.98 0.956 2.928 3.892 3.848 0.792 3.732 2.66 0.58 3.496 3.4 3.292 3.172 3.04 2.896 3.74 3.568 2.38 2.18 2.968 3.74 3.492 3.224 3.936 1.624 3.292 1.936 2.556 0.148 3.716 0.248 3.752 0.216 3.648 2.072 3.492 2.904 3.308 2.7 3.08 2.444 3.792 3.12 3.428 1.712 2.976 1.216 3.436 3.632 3.804 0.952 3.084 1.196 3.296 2.384 2.468 2.552 2.644 3.752 3.884 2.048 1.256 3.52 3.844 3.236 3.708 3.264 3.912 3.656 2.5 3.448 2.5 3.656 3.912 3.264 3.708 3.236 3.844 3.52 1.256 2.048 3.884 3.752 2.644 2.552 2.468 2.384 3.296 1.196 3.084 0.952 3.804 3.632 3.436 1.216 2.976 1.712 3.428 3.12 3.792 2.444 3.08 2.7 3.308 2.904 3.492 2.072 3.648 0.216 3.752 0.248 3.716 0.148 2.556 1.936 3.292 1.624 3.936 3.224 3.492 3.74 2.968 2.18 2.38 3.568 3.74 2.896 3.04 3.172 3.292 3.4 3.496 0.58 2.66 3.732 0.792 3.848 3.892 2.928 0.956 3.98 0.992 3 
3 3.992 2.976 2.952 2.92 0.88 3.836 3.78 3.716 0.64 2.56 3.472 3.372 3.26 3.136 3 2.852 3.692 3.516 3.324 0.116 3.9 3.664 3.408 3.132 3.836 3.516 1.172 3.808 3.416 1.996 2.548 2.068 3.556 2.004 3.416 2.82 0.216 2.608 3.988 2.352 3.704 3.036 2.348 3.64 3.908 2.148 3.364 3.552 0.712 3.848 0.952 2.032 3.088 3.12 3.132 2.128 3.116 3.1 3.088 0.088 1.116 3.18 1.288 1.456 2.692 2.004 2.404 2.9 3.5 2.208 3.032 1.972 3.032 2.208 3.5 2.9 2.404 2.004 2.692 1.456 1.288 3.18 1.116 0.088 3.088 3.1 3.116 2.128 3.132 3.12 3.088 2.032 0.952 3.848 0.712 3.552 3.364 2.148 3.908 3.64 2.348 3.036 3.704 2.352 3.988 2.608 0.216 2.82 3.416 2.004 3.556 2.068 2.548 1.996 3.416 3.808 1.172 3.516 3.836 3.132 3.408 3.664 3.9 0.116 3.324 3.516 3.692 2.852 3 3.136 3.26 3.372 3.472 2.56 0.64 3.716 3.78 3.836 0.88 2.92 2.952 2.976 3.992 3 
4 0.988 2.972 3.948 0.912 2.872 3.824 0.764 3.7 3.624 2.54 3.448 3.344 3.228 3.1 1.96 1.808 3.644 3.464 3.268 2.056 3.832 3.588 3.324 2.04 2.736 2.408 2.056 2.68 0.276 3.848 0.384 2.892 3.364 2.796 3.188 2.572 1.948 3.316 1.668 0.004 3.328 3.628 2.904 1.156 3.384 3.58 2.744 0.876 3.98 2.048 3.084 3.088 2.06 3.004 1.92 2.816 2.696 3.568 2.44 3.324 3.232 1.176 1.172 3.232 1.364 2.584 1.9 0.324 1.868 1.536 3.336 3.268 3.336 1.536 1.868 0.324 1.9 2.584 1.364 3.232 1.172 1.176 3.232 3.324 2.44 3.568 2.696 2.816 1.92 3.004 2.06 3.088 3.084 2.048 3.98 0.876 2.744 3.58 3.384 1.156 2.904 3.628 3.328 0.004 1.668 3.316 1.948 2.572 3.188 2.796 3.364 2.892 0.384 3.848 0.276 2.68 2.056 2.408 2.736 2.04 3.324 3.588 3.832 2.056 3.268 3.464 3.644 1.808 1.96 3.1 3.228 3.344 3.448 2.54 3.624 3.7 0.764 3.824 2.872 0.912 3.948 2.972 0.988 4 
4 2.988 0.968 3.944 3.908 2.864 2.812 2.752 3.684 0.604 3.52 3.424 3.316 3.196 1.064 3.924 3.768 1.596 3.412 3.212 2.996 3.764 2.512 0.24 2.952 2.64 2.304 2.944 0.556 2.144 3.704 2.228 2.72 3.176 3.592 1.964 1.328 1.684 2.028 3.356 1.664 3.956 1.22 0.46 3.676 3.86 3.008 2.12 2.196 3.236 3.236 1.196 3.12 3.004 3.852 2.664 3.448 3.208 0.952 3.696 1.444 1.216 1.028 3.896 1.828 3.844 3.956 2.176 3.52 1.996 3.616 3.384 1.304 3.384 3.616 1.996 3.52 2.176 3.956 3.844 1.828 3.896 1.028 1.216 1.444 3.696 0.952 3.208 3.448 2.664 3.852 3.004 3.12 1.196 3.236 3.236 2.196 2.12 3.008 3.86 3.676 0.46 1.22 3.956 1.664 3.356 2.028 1.684 1.328 1.964 3.592 3.176 2.72 2.228 3.704 2.144 0.556 2.944 2.304 2.64 2.952 0.24 2.512 3.764 2.996 3.212 3.412 1.596 3.768 3.924 1.064 3.196 3.316 3.424 3.52 0.604 3.684 2.752 2.812 2.864 3.908 3.944 0.968 2.988 4 
4 2.988 3.968 3.94 0.9 3.856 0.8 3.74 2.668 2.588 3.5 3.4 3.288 2.164 3.032 3.888 3.728 3.552 1.36 3.156 3.936 1.696 3.44 3.164 3.868 3.548 2.204 2.836 3.44 2.016 3.564 3.076 2.552 2.992 3.392 3.748 1.092 3.428 3.748 2.048 1.328 2.588 2.82 3.024 1.196 3.336 2.436 3.496 2.512 1.484 1.412 3.296 3.132 1.92 2.664 3.364 3.024 3.652 2.256 3.852 3.448 1.064 3.724 3.44 3.228 0.104 1.092 3.204 2.452 3.852 2.412 2.144 0.052 2.144 2.412 3.852 2.452 3.204 1.092 0.104 3.228 3.44 3.724 1.064 3.448 3.852 2.256 3.652 3.024 3.364 2.664 1.92 3.132 3.296 1.412 1.484 2.512 3.496 2.436 3.336 1.196 3.024 2.82 2.588 1.328 2.048 3.748 3.428 1.092 3.748 3.392 2.992 2.552 3.076 3.564 2.016 3.44 2.836 2.204 3.548 3.868 3.164 3.44 1.696 3.936 3.156 1.36 3.552 3.728 3.888 3.032 2.164 3.288 3.4 3.5 2.588 2.668 3.74 0.8 3.856 0.9 3.94 3.968 2.988 4 
