3 4 4 4 4 4 4 4 4 4 4 4 4 4 4 4 4 4 4 4 4 4 4 4 4 4 4 4 4 4 4 4 4 4 4 4 4 4 4 4 4 4 4 4 4 4 4 4 4 4 4 4 4 4 4 4 4 4 4 4 4 4 4 4 4 4 4 4 4 4 4 4 4 4 4 4 4 4 4 4 4 4 4 4 4 4 4 4 4 4 4 4 4 4 4 4 4 4 4 4 4 4 4 4 4 4 4 4 4 4 4 4 4 4 4 4 4 4 4 4 4 4 4 4 4 4 4 4 4 4 4 4 4 4 4 4 4 4 4 4 4 4 4 4 4 4 4 4 4 4 4 4 4 4 4 4 4 4 4 4 4 4 4 4 4 4 4 4 4 4 4 4 4 4 4 4 4 4 4 4 4 4 4 4 4 4 4 4 4 4 4 4 4 4 4 4 4 4 4 4 4 4 4 4 4 4 4 4 4 4 4 4 4 4 4 4 4 4 4 4 4 4 4 4 4 4 4 4 4 4 4 4 4 4 4 4 4 4 4 4 4 4 4 4 4 4 4 4 4 4 4 4 4 4 4 4 4 4 4 4 4 4 4 4 4 4 4 4 4 4 4 4 4 4 4 4 4 4 4 4 3 
4 0.996 2.996 2.996 2.996 2.996 2.996 2.996 3.996 3.996 3.996 3.996 3.996 3.996 3.996 3.996 3.996 3.996 3.996 3.996 3.996 3.996 3.996 3.996 3.996 3.996 3.996 3.996 3.996 3.996 3.996 3.996 3.996 3.996 3.996 3.996 3.996 3.996 3.996 3.996 3.996 3.996 3.996 3.996 3.996 3.996 3.996 3.996 3.996 3.996 3.996 3.996 3.996 3.996 3.996 3.996 3.996 3.996 3.996 3.996 3.996 3.996 3.996 3.996 3.996 3.996 3.996 3.996 3.996 3.996 3.996 3.996 3.996 3.996 3.996 3.996 3.996 3.996 3.996 3.996 3.996 3.996 3.996 3.996 3.996 3.996 3.996 3.996 3.996 3.996 3.996 3.996 3.996 3.996 3.996 3.996 3.996 3.996 3.996 3.996 3.996 3.996 3.996 3.996 3.996 3.996 3.996 3.996 3.996 3.996 3.996 3.996 3.996 3.996 3.996 3.996 3.996 3.996 3.996 3.996 3.996 3.996 3.996 3.996 3.996 3.996 3.996 3.996 3.996 3.996 3.996 3.996 3.996 3.996 3.996 3.996 3.996 3.996 3.996 3.996 3.996 3.996 3.996 3.996 3.996 3.996 3.996 3.996 3.996 3.996 3.996 3.996 3.996 3.996 3.996 3.996 3.996 3.996 3.996 3.996 3.996 3.996 3.996 3.996 3.996 3.996 3.996 3.996 3.996 3.996 3.996 3.996 3.996 3.996 3.996 3.996 3.996 3.996 3.996 3.996 3.996 3.996 3.996 3.996 3.996 3.996 3.996 3.996 3.996 3.996 3.996 3.996 3.996 3.996 3.996 3.996 3.996 3.996 3.996 3.996 3.996 3.996 3.996 3.996 3.996 3.996 3.996 3.996 3.996 3.996 3.996 3.996 3.996 3.996 3.996 3.996 3.996 3.996 3.996 3.996 3.996 3.996 3.996 3.996 3.996 3.996 3.996 3.996 3.996 3.996 3.996 3.996 3.996 3.996 3.996 3.996 3.996 3.996 3.996 3.996 3.996 3.996 3.996 3.996 3.996 3.996 3.996 3.996 3.996 3.996 3.996 3.996 3.996 3.996 3.996 3.996 3.996 3.996 3.996 3.996 3.996 3.996 3.996 3.996 3.996 3.996 3.996 3.996 3.996 3.996 3.996 3.996 3.996 2.996 2.996 2.996 2.996 2.996 2.996 0.996 4 
4 2.996 0.992 2.992 2.992 2.992 2.992 3.992 0.988 2.988 2.988 2.988 2.988 2.988 2.988 3.988 3.988 3.988 3.988 3.988 3.988 3.988 3.988 3.988 3.988 3.988 3.988 3.988 3.988 3.988 3.988 3.988 3.988 3.988 3.988 3.988 3.988 3.988 3.988 3.988 3.988 3.988 3.988 3.988 3.988 3.988 3.988 3.988 3.988 3.988 3.988 3.988 3.988 3.988 3.988 3.988 3.988 3.988 3.988 3.988 3.988 3.988 3.988 3.988 3.988 3.988 3.988 3.988 3.988 3.988 3.988 3.988 3.988 3.988 3.988 3.988 3.988 3.988 3.988 3.988 3.988 3.988 3.988 3.988 3.988 3.988 3.988 3.988 3.988 3.988 3.988 3.988 3.988 3.988 3.988 3.988 3.988 3.988 3.988 3.988 3.988 3.988 3.988 3.988 3.988 3.988 3.988 3.988 3.988 3.988 3.988 3.988 3.988 3.988 3.988 3.988 3.988 3.988 3.988 3.988 3.988 3.988 3.988 3.988 3.988 3.988 3.988 3.988 3.988 3.988 3.988 3.988 3.988 3.988 3.988 3.988 3.988 3.988 3.988 3.988 3.988 3.988 3.988 3.988 3.988 3.988 3.988 3.988 3.988 3.988 3.988 3.988 3.988 3.988 3.988 3.988 3.988 3.988 3.988 3.988 3.988 3.988 3.988 3.988 3.988 3.988 3.988 3.988 3.988 3.988 3.988 3.988 3.988 3.988 3.988 3.988 3.988 3.988 3.988 3.988 3.988 3.988 3.988 3.988 3.988 3.988 3.988 3.988 3.988 3.988 3.988 3.988 3.988 3.988 3.988 3.988 3.988 3.988 3.988 3.988 3.988 3.988 3.988 3.988 3.988 3.988 3.988 3.988 3.988 3.988 3.988 3.988 3.988 3.988 3.988 3.988 3.988 3.988 3.988 3.988 3.988 3.988 3.988 3.988 3.988 3.988 3.988 3.988 3.988 3.988 3.988 3.988 3.988 3.988 3.988 3.988 3.988 3.988 3.988 3.988 3.988 3.988 3.988 3.988 3.988 3.988 3.988 3.988 3.988 3.988 3.988 3.988 3.988 3.988 3.988 3.988 3.988 3.988 3.988 3.988 3.988 3.988 3.988 3.988 3.988 3.988 2.988 2.988 2.988 2.988 2.988 2.988 0.988 3.992 2.992 2.992 2.992 2.992 0.992 2.996 4 
4 2.996 2.992 0.988 2.988 2.988 2.988 3.988 2.984 0.98 2.98 2.98 2.98 2.98 3.98 0.976 2.976 2.976 2.976 2.976 2.976 3.976 3.976 3.976 3.976 3.976 3.976 3.976 3.976 3.976 3.976 3.976 3.976 3.976 3.976 3.976 3.976 3.976 3.976 3.976 3.976 3.976 3.976 3.976 3.976 3.976 3.976 3.976 3.976 3.976 3.976 3.976 3.976 3.976 3.976 3.976 3.976 3.976 3.976 3.976 3.976 3.976 3.976 3.976 3.976 3.976 3.976 3.976 3.976 3.976 3.976 3.976 3.976 3.976 3.976 3.976 3.976 3.976 3.976 3.976 3.976 3.976 3.976 3.976 3.976 3.976 3.976 3.976 3.976 3.976 3.976 3.976 3.976 3.976 3.976 3.976 3.976 3.976 3.976 3.976 3.976 3.976 3.976 3.976 3.976 3.976 3.976 3.976 3.976 3.976 3.976 3.976 3.976 3.976 3.976 3.976 3.976 3.976 3.976 3.976 3.976 3.976 3.976 3.976 3.976 3.976 3.976 3.976 3.976 3.976 3.976 3.976 3.976 3.976 3.976 3.976 3.976 3.976 3.976 3.976 3.976 3.976 3.976 3.976 3.976 3.976 3.976 3.976 3.976 3.976 3.976 3.976 3.976 3.976 3.976 3.976 3.976 3.976 3.976 3.976 3.976 3.976 3.976 3.976 3.976 3.976 3.976 3.976 3.976 3.976 3.976 3.976 3.976 3.976 3.976 3.976 3.976 3.976 3.976 3.976 3.976 3.976 3.976 3.976 3.976 3.976 3.976 3.976 3.976 3.976 3.976 3.976 3.976 3.976 3.976 3.976 3.976 3.976 3.976 3.976 3.976 3.976 3.976 3.976 3.976 3.976 3.976 3.976 3.976 3.976 3.976 3.976 3.976 3.976 3.976 3.976 3.976 3.976 3.976 3.976 3.976 3.976 3.976 3.976 3.976 3.976 3.976 3.976 3.976 3.976 3.976 3.976 3.976 3.976 3.976 3.976 3.976 3.976 3.976 3.976 3.976 3.976 3.976 3.976 3.976 3.976 3.976 3.976 3.976 3.976 3.976 3.976 3.976 3.976 3.976 3.976 3.976 3.976 3.976 3.976 2.976 2.976 2.976 2.976 2.976 0.976 3.98 2.98 2.98 2.98 2.98 0.98 2.984 3.988 2.988 2.988 2.988 0.988 2.992 2.996 4 
4 2.996 2.992 2.988 0.984 2.984 2.984 3.984 2.98 2.976 0.972 2.972 2.972 2.972 3.972 2.968 0.964 2.964 2.964 2.964 3.964 0.96 2.96 2.96 2.96 2.96 2.96 3.96 3.96 3.96 3.96 3.96 3.96 3.96 3.96 3.96 3.96 3.96 3.96 3.96 3.96 3.96 3.96 3.96 3.96 3.96 3.96 3.96 3.96 3.96 3.96 3.96 3.96 3.96 3.96 3.96 3.96 3.96 3.96 3.96 3.96 3.96 3.96 3.96 3.96 3.96 3.96 3.96 3.96 3.96 3.96 3.96 3.96 3.96 3.96 3.96 3.96 3.96 3.96 3.96 3.96 3.96 3.96 3.96 3.96 3.96 3.96 3.96 3.96 3.96 3.96 3.96 3.96 3.96 3.96 3.96 3.96 3.96 3.96 3.96 3.96 3.96 3.96 3.96 3.96 3.96 3.96 3.96 3.96 3.96 3.96 3.96 3.96 3.96 3.96 3.96 3.96 3.96 3.96 3.96 3.96 3.96 3.96 3.96 3.96 3.96 3.96 3.96 3.96 3.96 3.96 3.96 3.96 3.96 3.96 3.96 3.96 3.96 3.96 3.96 3.96 3.96 3.96 3.96 3.96 3.96 3.96 3.96 3.96 3.96 3.96 3.96 3.96 3.96 3.96 3.96 3.96 3.96 3.96 3.96 3.96 3.96 3.96 3.96 3.96 3.96 3.96 3.96 3.96 3.96 3.96 3.96 3.96 3.96 3.96 3.96 3.96 3.96 3.96 3.96 3.96 3.96 3.96 3.96 3.96 3.96 3.96 3.96 3.96 3.96 3.96 3.96 3.96 3.96 3.96 3.96 3.96 3.96 3.96 3.96 3.96 3.96 3.96 3.96 3.96 3.96 3.96 3.96 3.96 3.96 3.96 3.96 3.96 3.96 3.96 3.96 3.96 3.96 3.96 3.96 3.96 3.96 3.96 3.96 3.96 3.96 3.96 3.96 3.96 3.96 3.96 3.96 3.96 3.96 3.96 3.96 3.96 3.96 3.96 3.96 3.96 3.96 3.96 3.96 3.96 3.96 3.96 3.96 3.96 3.96 3.96 3.96 3.96 3.96 2.96 2.96 2.96 2.96 2.96 0.96 3.964 2.964 2.964 2.964 0.964 2.968 3.972 2.972 2.972 2.972 0.972 2.976 2.98 3.984 2.984 2.984 0.984 2.988 2.992 2.996 4 
4 2.996 2.992 2.988 2.984 0.98 2.98 3.98 2.976 2.972 2.968 0.964 2.964 2.964 3.964 2.96 2.956 0.952 2.952 2.952 3.952 2.948 0.944 2.944 2.944 2.944 3.944 0.94 2.94 2.94 2.94 2.94 3.94 3.94 3.94 3.94 3.94 3.94 3.94 3.94 3.94 3.94 3.94 3.94 3.94 3.94 3.94 3.94 3.94 3.94 3.94 3.94 3.94 3.94 3.94 3.94 3.94 3.94 3.94 3.94 3.94 3.94 3.94 3.94 3.94 3.94 3.94 3.94 3.94 3.94 3.94 3.94 3.94 3.94 3.94 3.94 3.94 3.94 3.94 3.94 3.94 3.94 3.94 3.94 3.94 3.94 3.94 3.94 3.94 3.94 3.94 3.94 3.94 3.94 3.94 3.94 3.94 3.94 3.94 3.94 3.94 3.94 3.94 3.94 3.94 3.94 3.94 3.94 3.94 3.94 3.94 3.94 3.94 3.94 3.94 3.94 3.94 3.94 3.94 3.94 3.94 3.94 3.94 3.94 3.94 3.94 3.94 3.94 3.94 3.94 3.94 3.94 3.94 3.94 3.94 3.94 3.94 3.94 3.94 3.94 3.94 3.94 3.94 3.94 3.94 3.94 3.94 3.94 3.94 3.94 3.94 3.94 3.94 3.94 3.94 3.94 3.94 3.94 3.94 3.94 3.94 3.94 3.94 3.94 3.94 3.94 3.94 3.94 3.94 3.94 3.94 3.94 3.94 3.94 3.94 3.94 3.94 3.94 3.94 3.94 3.94 3.94 3.94 3.94 3.94 3.94 3.94 3.94 3.94 3.94 3.94 3.94 3.94 3.94 3.94 3.94 3.94 3.94 3.94 3.94 3.94 3.94 3.94 3.94 3.94 3.94 3.94 3.94 3.94 3.94 3.94 3.94 3.94 3.94 3.94 3.94 3.94 3.94 3.94 3.94 3.94 3.94 3.94 3.94 3.94 3.94 3.94 3.94 3.94 3.94 3.94 3.94 3.94 3.94 3.94 3.94 3.94 3.94 3.94 3.94 3.94 3.94 3.94 3.94 3.94 3.94 3.94 3.94 3.94 2.94 2.94 2.94 2.94 0.94 3.944 2.944 2.944 2.944 0.944 2.948 3.952 2.952 2.952 0.952 2.956 2.96 3.964 2.964 2.964 0.964 2.968 2.972 2.976 3.98 2.98 0.98 2.984 2.988 2.992 2.996 4 
4 2.996 2.992 2.988 2.984 2.98 0.976 3.976 2.972 2.968 2.964 2.96 0.956 2.956 3.956 2.952 2.948 2.944 0.94 2.94 3.94 2.936 2.932 0.928 2.928 2.928 3.928 2.924 0.92 2.92 2.92 3.92 0.916 2.916 2.916 2.916 3.916 3.916 3.916 3.916 3.916 3.916 3.916 3.916 3.916 3.916 3.916 3.916 3.916 3.916 3.916 3.916 3.916 3.916 3.916 3.916 3.916 3.916 3.916 3.916 3.916 3.916 3.916 3.916 3.916 3.916 3.916 3.916 3.916 3.916 3.916 3.916 3.916 3.916 3.916 3.916 3.916 3.916 3.916 3.916 3.916 3.916 3.916 3.916 3.916 3.916 3.916 3.916 3.916 3.916 3.916 3.916 3.916 3.916 3.916 3.916 3.916 3.916 3.916 3.916 3.916 3.916 3.916 3.916 3.916 3.916 3.916 3.916 3.916 3.916 3.916 3.916 3.916 3.916 3.916 3.916 3.916 3.916 3.916 3.916 3.916 3.916 3.916 3.916 3.916 3.916 3.916 3.916 3.916 3.916 3.916 3.916 3.916 3.916 3.916 3.916 3.916 3.916 3.916 3.916 3.916 3.916 3.916 3.916 3.916 3.916 3.916 3.916 3.916 3.916 3.916 3.916 3.916 3.916 3.916 3.916 3.916 3.916 3.916 3.916 3.916 3.916 3.916 3.916 3.916 3.916 3.916 3.916 3.916 3.916 3.916 3.916 3.916 3.916 3.916 3.916 3.916 3.916 3.916 3.916 3.916 3.916 3.916 3.916 3.916 3.916 3.916 3.916 3.916 3.916 3.916 3.916 3.916 3.916 3.916 3.916 3.916 3.916 3.916 3.916 3.916 3.916 3.916 3.916 3.916 3.916 3.916 3.916 3.916 3.916 3.916 3.916 3.916 3.916 3.916 3.916 3.916 3.916 3.916 3.916 3.916 3.916 3.916 3.916 3.916 3.916 3.916 3.916 3.916 3.916 3.916 3.916 3.916 3.916 3.916 3.916 3.916 3.916 3.916 3.916 3.916 3.916 3.916 3.916 3.916 2.916 2.916 2.916 0.916 3.92 2.92 2.92 0.92 2.924 3.928 2.928 2.928 0.928 2.932 2.936 3.94 2.94 0.94 2.944 2.948 2.952 3.956 2.956 0.956 2.96 2.964 2.968 2.972 3.976 0.976 2.98 2.984 2.988 2.992 2.996 4 
4 2.996 3.992 3.988 3.984 3.98 3.976 2.972 2.968 2.964 2.96 2.956 2.952 0.948 3.948 2.944 2.94 2.936 2.932 0.928 3.928 2.924 2.92 2.916 0.912 2.912 3.912 2.908 2.904 0.9 2.9 3.9 2.896 0.892 2.892 3.892 0.888 2.888 2.888 2.888 2.888 3.888 3.888 3.888 3.888 3.888 3.888 3.888 3.888 3.888 3.888 3.888 3.888 3.888 3.888 3.888 3.888 3.888 3.888 3.888 3.888 3.888 3.888 3.888 3.888 3.888 3.888 3.888 3.888 3.888 3.888 3.888 3.888 3.888 3.888 3.888 3.888 3.888 3.888 3.888 3.888 3.888 3.888 3.888 3.888 3.888 3.888 3.888 3.888 3.888 3.888 3.888 3.888 3.888 3.888 3.888 3.888 3.888 3.888 3.888 3.888 3.888 3.888 3.888 3.888 3.888 3.888 3.888 3.888 3.888 3.888 3.888 3.888 3.888 3.888 3.888 3.888 3.888 3.888 3.888 3.888 3.888 3.888 3.888 3.888 3.888 3.888 3.888 3.888 3.888 3.888 3.888 3.888 3.888 3.888 3.888 3.888 3.888 3.888 3.888 3.888 3.888 3.888 3.888 3.888 3.888 3.888 3.888 3.888 3.888 3.888 3.888 3.888 3.888 3.888 3.888 3.888 3.888 3.888 3.888 3.888 3.888 3.888 3.888 3.888 3.888 3.888 3.888 3.888 3.888 3.888 3.888 3.888 3.888 3.888 3.888 3.888 3.888 3.888 3.888 3.888 3.888 3.888 3.888 3.888 3.888 3.888 3.888 3.888 3.888 3.888 3.888 3.888 3.888 3.888 3.888 3.888 3.888 3.888 3.888 3.888 3.888 3.888 3.888 3.888 3.888 3.888 3.888 3.888 3.888 3.888 3.888 3.888 3.888 3.888 3.888 3.888 3.888 3.888 3.888 3.888 3.888 3.888 3.888 3.888 3.888 3.888 3.888 3.888 3.888 3.888 3.888 3.888 3.888 3.888 3.888 3.888 3.888 3.888 3.888 2.888 2.888 2.888 2.888 0.888 3.892 2.892 0.892 2.896 3.9 2.9 0.9 2.904 2.908 3.912 2.912 0.912 2.916 2.92 2.924 3.928 0.928 2.932 2.936 2.94 2.944 3.948 0.948 2.952 2.956 2.96 2.964 2.968 2.972 3.976 3.98 3.984 3.988 3.992 2.996 4 
4 3.996 0.988 2.984 2.98 2.976 2.972 2.968 2.964 3.96 3.956 3.952 3.948 3.944 2.94 3.936 3.932 3.928 3.924 3.92 2.916 2.912 2.908 2.904 2.9 0.896 3.896 2.892 2.888 2.884 0.88 3.88 2.876 2.872 0.868 3.868 2.864 0.86 2.86 2.86 3.86 0.856 2.856 2.856 2.856 3.856 3.856 3.856 3.856 3.856 3.856 3.856 3.856 3.856 3.856 3.856 3.856 3.856 3.856 3.856 3.856 3.856 3.856 3.856 3.856 3.856 3.856 3.856 3.856 3.856 3.856 3.856 3.856 3.856 3.856 3.856 3.856 3.856 3.856 3.856 3.856 3.856 3.856 3.856 3.856 3.856 3.856 3.856 3.856 3.856 3.856 3.856 3.856 3.856 3.856 3.856 3.856 3.856 3.856 3.856 3.856 3.856 3.856 3.856 3.856 3.856 3.856 3.856 3.856 3.856 3.856 3.856 3.856 3.856 3.856 3.856 3.856 3.856 3.856 3.856 3.856 3.856 3.856 3.856 3.856 3.856 3.856 3.856 3.856 3.856 3.856 3.856 3.856 3.856 3.856 3.856 3.856 3.856 3.856 3.856 3.856 3.856 3.856 3.856 3.856 3.856 3.856 3.856 3.856 3.856 3.856 3.856 3.856 3.856 3.856 3.856 3.856 3.856 3.856 3.856 3.856 3.856 3.856 3.856 3.856 3.856 3.856 3.856 3.856 3.856 3.856 3.856 3.856 3.856 3.856 3.856 3.856 3.856 3.856 3.856 3.856 3.856 3.856 3.856 3.856 3.856 3.856 3.856 3.856 3.856 3.856 3.856 3.856 3.856 3.856 3.856 3.856 3.856 3.856 3.856 3.856 3.856 3.856 3.856 3.856 3.856 3.856 3.856 3.856 3.856 3.856 3.856 3.856 3.856 3.856 3.856 3.856 3.856 3.856 3.856 3.856 3.856 3.856 3.856 3.856 3.856 3.856 3.856 3.856 3.856 3.856 3.856 3.856 3.856 3.856 3.856 2.856 2.856 2.856 0.856 3.86 2.86 2.86 0.86 2.864 3.868 0.868 2.872 2.876 3.88 0.88 2.884 2.888 2.892 3.896 0.896 2.9 2.904 2.908 2.912 2.916 3.92 3.924 3.928 3.932 3.936 2.94 3.944 3.948 3.952 3.956 3.96 2.964 2.968 2.972 2.976 2.98 2.984 0.988 3.996 4 
4 3.996 2.988 0.98 2.976 2.972 2.968 2.964 3.96 0.952 2.948 2.944 2.94 2.936 3.932 0.924 2.92 2.916 2.912 2.908 2.904 3.9 3.896 3.892 3.888 3.884 3.88 3.876 3.872 3.868 3.864 3.86 3.856 3.852 3.848 2.844 2.84 2.836 0.832 2.832 3.832 2.828 0.824 2.824 3.824 0.82 2.82 2.82 2.82 3.82 3.82 3.82 3.82 3.82 3.82 3.82 3.82 3.82 3.82 3.82 3.82 3.82 3.82 3.82 3.82 3.82 3.82 3.82 3.82 3.82 3.82 3.82 3.82 3.82 3.82 3.82 3.82 3.82 3.82 3.82 3.82 3.82 3.82 3.82 3.82 3.82 3.82 3.82 3.82 3.82 3.82 3.82 3.82 3.82 3.82 3.82 3.82 3.82 3.82 3.82 3.82 3.82 3.82 3.82 3.82 3.82 3.82 3.82 3.82 3.82 3.82 3.82 3.82 3.82 3.82 3.82 3.82 3.82 3.82 3.82 3.82 3.82 3.82 3.82 3.82 3.82 3.82 3.82 3.82 3.82 3.82 3.82 3.82 3.82 3.82 3.82 3.82 3.82 3.82 3.82 3.82 3.82 3.82 3.82 3.82 3.82 3.82 3.82 3.82 3.82 3.82 3.82 3.82 3.82 3.82 3.82 3.82 3.82 3.82 3.82 3.82 3.82 3.82 3.82 3.82 3.82 3.82 3.82 3.82 3.82 3.82 3.82 3.82 3.82 3.82 3.82 3.82 3.82 3.82 3.82 3.82 3.82 3.82 3.82 3.82 3.82 3.82 3.82 3.82 3.82 3.82 3.82 3.82 3.82 3.82 3.82 3.82 3.82 3.82 3.82 3.82 3.82 3.82 3.82 3.82 3.82 3.82 3.82 3.82 3.82 3.82 3.82 3.82 3.82 3.82 3.82 3.82 3.82 3.82 3.82 3.82 3.82 3.82 3.82 3.82 3.82 3.82 3.82 3.82 3.82 3.82 3.82 2.82 2.82 2.82 0.82 3.824 2.824 0.824 2.828 3.832 2.832 0.832 2.836 2.84 2.844 3.848 3.852 3.856 3.86 3.864 3.868 3.872 3.876 3.88 3.884 3.888 3.892 3.896 3.9 2.904 2.908 2.912 2.916 2.92 0.924 3.932 2.936 2.94 2.944 2.948 0.952 3.96 2.964 2.968 2.972 2.976 0.98 2.988 3.996 4 
4 3.996 2.988 2.98 0.972 2.968 2.964 2.96 3.956 2.948 0.94 2.936 2.932 2.928 3.924 2.916 0.908 2.904 2.9 2.896 3.892 0.884 2.88 2.876 2.872 3.868 0.86 2.856 2.852 2.848 3.844 0.836 2.832 2.828 2.824 2.82 2.816 2.812 2.808 0.804 3.804 2.8 2.796 0.792 3.792 2.788 0.784 2.784 3.784 0.78 2.78 2.78 3.78 3.78 3.78 3.78 3.78 3.78 3.78 3.78 3.78 3.78 3.78 3.78 3.78 3.78 3.78 3.78 3.78 3.78 3.78 3.78 3.78 3.78 3.78 3.78 3.78 3.78 3.78 3.78 3.78 3.78 3.78 3.78 3.78 3.78 3.78 3.78 3.78 3.78 3.78 3.78 3.78 3.78 3.78 3.78 3.78 3.78 3.78 3.78 3.78 3.78 3.78 3.78 3.78 3.78 3.78 3.78 3.78 3.78 3.78 3.78 3.78 3.78 3.78 3.78 3.78 3.78 3.78 3.78 3.78 3.78 3.78 3.78 3.78 3.78 3.78 3.78 3.78 3.78 3.78 3.78 3.78 3.78 3.78 3.78 3.78 3.78 3.78 3.78 3.78 3.78 3.78 3.78 3.78 3.78 3.78 3.78 3.78 3.78 3.78 3.78 3.78 3.78 3.78 3.78 3.78 3.78 3.78 3.78 3.78 3.78 3.78 3.78 3.78 3.78 3.78 3.78 3.78 3.78 3.78 3.78 3.78 3.78 3.78 3.78 3.78 3.78 3.78 3.78 3.78 3.78 3.78 3.78 3.78 3.78 3.78 3.78 3.78 3.78 3.78 3.78 3.78 3.78 3.78 3.78 3.78 3.78 3.78 3.78 3.78 3.78 3.78 3.78 3.78 3.78 3.78 3.78 3.78 3.78 3.78 3.78 3.78 3.78 3.78 3.78 3.78 3.78 3.78 3.78 3.78 3.78 3.78 3.78 3.78 3.78 3.78 3.78 3.78 2.78 2.78 0.78 3.784 2.784 0.784 2.788 3.792 0.792 2.796 2.8 3.804 0.804 2.808 2.812 2.816 2.82 2.824 2.828 2.832 0.836 3.844 2.848 2.852 2.856 0.86 3.868 2.872 2.876 2.88 0.884 3.892 2.896 2.9 2.904 0.908 2.916 3.924 2.928 2.932 2.936 0.94 2.948 3.956 2.96 2.964 2.968 0.972 2.98 2.988 3.996 4 
4 3.996 2.988 2.98 2.972 0.964 2.96 2.956 3.952 2.944 2.936 0.928 2.924 2.92 3.916 2.908 2.9 0.892 2.888 2.884 3.88 2.872 0.864 2.86 2.856 3.852 2.844 0.836 2.832 2.828 3.824 2.816 0.808 2.804 2.8 2.796 3.792 3.788 3.784 3.78 3.776 3.772 3.768 3.764 2.76 2.756 2.752 0.748 3.748 2.744 0.74 3.74 0.736 2.736 2.736 2.736 3.736 3.736 3.736 3.736 3.736 3.736 3.736 3.736 3.736 3.736 3.736 3.736 3.736 3.736 3.736 3.736 3.736 3.736 3.736 3.736 3.736 3.736 3.736 3.736 3.736 3.736 3.736 3.736 3.736 3.736 3.736 3.736 3.736 3.736 3.736 3.736 3.736 3.736 3.736 3.736 3.736 3.736 3.736 3.736 3.736 3.736 3.736 3.736 3.736 3.736 3.736 3.736 3.736 3.736 3.736 3.736 3.736 3.736 3.736 3.736 3.736 3.736 3.736 3.736 3.736 3.736 3.736 3.736 3.736 3.736 3.736 3.736 3.736 3.736 3.736 3.736 3.736 3.736 3.736 3.736 3.736 3.736 3.736 3.736 3.736 3.736 3.736 3.736 3.736 3.736 3.736 3.736 3.736 3.736 3.736 3.736 3.736 3.736 3.736 3.736 3.736 3.736 3.736 3.736 3.736 3.736 3.736 3.736 3.736 3.736 3.736 3.736 3.736 3.736 3.736 3.736 3.736 3.736 3.736 3.736 3.736 3.736 3.736 3.736 3.736 3.736 3.736 3.736 3.736 3.736 3.736 3.736 3.736 3.736 3.736 3.736 3.736 3.736 3.736 3.736 3.736 3.736 3.736 3.736 3.736 3.736 3.736 3.736 3.736 3.736 3.736 3.736 3.736 3.736 3.736 3.736 3.736 3.736 3.736 3.736 3.736 3.736 3.736 3.736 3.736 3.736 3.736 3.736 3.736 2.736 2.736 2.736 0.736 3.74 0.74 2.744 3.748 0.748 2.752 2.756 2.76 3.764 3.768 3.772 3.776 3.78 3.784 3.788 3.792 2.796 2.8 2.804 0.808 2.816 3.824 2.828 2.832 0.836 2.844 3.852 2.856 2.86 0.864 2.872 3.88 2.884 2.888 0.892 2.9 2.908 3.916 2.92 2.924 0.928 2.936 2.944 3.952 2.956 2.96 0.964 2.972 2.98 2.988 3.996 4 
4 3.996 2.988 2.98 2.972 2.964 0.956 2.952 3.948 2.94 2.932 2.924 0.916 2.912 3.908 2.9 2.892 2.884 0.876 2.872 3.868 2.86 2.852 0.844 2.84 3.836 2.828 2.82 0.812 2.808 3.804 2.796 2.788 0.78 2.776 3.772 0.764 2.76 2.756 3.752 0.744 2.74 2.736 2.732 3.728 3.724 3.72 3.716 3.712 3.708 3.704 2.7 2.696 0.692 2.692 3.692 0.688 2.688 2.688 3.688 3.688 3.688 3.688 3.688 3.688 3.688 3.688 3.688 3.688 3.688 3.688 3.688 3.688 3.688 3.688 3.688 3.688 3.688 3.688 3.688 3.688 3.688 3.688 3.688 3.688 3.688 3.688 3.688 3.688 3.688 3.688 3.688 3.688 3.688 3.688 3.688 3.688 3.688 3.688 3.688 3.688 3.688 3.688 3.688 3.688 3.688 3.688 3.688 3.688 3.688 3.688 3.688 3.688 3.688 3.688 3.688 3.688 3.688 3.688 3.688 3.688 3.688 3.688 3.688 3.688 3.688 3.688 3.688 3.688 3.688 3.688 3.688 3.688 3.688 3.688 3.688 3.688 3.688 3.688 3.688 3.688 3.688 3.688 3.688 3.688 3.688 3.688 3.688 3.688 3.688 3.688 3.688 3.688 3.688 3.688 3.688 3.688 3.688 3.688 3.688 3.688 3.688 3.688 3.688 3.688 3.688 3.688 3.688 3.688 3.688 3.688 3.688 3.688 3.688 3.688 3.688 3.688 3.688 3.688 3.688 3.688 3.688 3.688 3.688 3.688 3.688 3.688 3.688 3.688 3.688 3.688 3.688 3.688 3.688 3.688 3.688 3.688 3.688 3.688 3.688 3.688 3.688 3.688 3.688 3.688 3.688 3.688 3.688 3.688 3.688 3.688 3.688 3.688 3.688 3.688 3.688 3.688 3.688 3.688 3.688 3.688 3.688 2.688 2.688 0.688 3.692 2.692 0.692 2.696 2.7 3.704 3.708 3.712 3.716 3.72 3.724 3.728 2.732 2.736 2.74 0.744 3.752 2.756 2.76 0.764 3.772 2.776 0.78 2.788 2.796 3.804 2.808 0.812 2.82 2.828 3.836 2.84 0.844 2.852 2.86 3.868 2.872 0.876 2.884 2.892 2.9 3.908 2.912 0.916 2.924 2.932 2.94 3.948 2.952 0.956 2.964 2.972 2.98 2.988 3.996 4 
4 3.996 2.988 2.98 2.972 2.964 2.956 0.948 3.944 2.936 2.928 2.92 2.912 0.904 3.9 2.892 2.884 2.876 2.868 0.86 3.856 2.848 2.84 2.832 0.824 3.82 2.812 2.804 2.796 0.788 3.784 2.776 2.768 2.76 0.752 3.748 2.74 0.732 2.728 3.724 2.716 0.708 2.704 3.7 0.692 2.688 2.684 3.68 0.672 2.668 2.664 2.66 2.656 2.652 0.648 3.648 2.644 0.64 3.64 0.636 2.636 2.636 3.636 3.636 3.636 3.636 3.636 3.636 3.636 3.636 3.636 3.636 3.636 3.636 3.636 3.636 3.636 3.636 3.636 3.636 3.636 3.636 3.636 3.636 3.636 3.636 3.636 3.636 3.636 3.636 3.636 3.636 3.636 3.636 3.636 3.636 3.636 3.636 3.636 3.636 3.636 3.636 3.636 3.636 3.636 3.636 3.636 3.636 3.636 3.636 3.636 3.636 3.636 3.636 3.636 3.636 3.636 3.636 3.636 3.636 3.636 3.636 3.636 3.636 3.636 3.636 3.636 3.636 3.636 3.636 3.636 3.636 3.636 3.636 3.636 3.636 3.636 3.636 3.636 3.636 3.636 3.636 3.636 3.636 3.636 3.636 3.636 3.636 3.636 3.636 3.636 3.636 3.636 3.636 3.636 3.636 3.636 3.636 3.636 3.636 3.636 3.636 3.636 3.636 3.636 3.636 3.636 3.636 3.636 3.636 3.636 3.636 3.636 3.636 3.636 3.636 3.636 3.636 3.636 3.636 3.636 3.636 3.636 3.636 3.636 3.636 3.636 3.636 3.636 3.636 3.636 3.636 3.636 3.636 3.636 3.636 3.636 3.636 3.636 3.636 3.636 3.636 3.636 3.636 3.636 3.636 3.636 3.636 3.636 3.636 3.636 3.636 3.636 3.636 3.636 3.636 3.636 3.636 3.636 2.636 2.636 0.636 3.64 0.64 2.644 3.648 0.648 2.652 2.656 2.66 2.664 2.668 0.672 3.68 2.684 2.688 0.692 3.7 2.704 0.708 2.716 3.724 2.728 0.732 2.74 3.748 0.752 2.76 2.768 2.776 3.784 0.788 2.796 2.804 2.812 3.82 0.824 2.832 2.84 2.848 3.856 0.86 2.868 2.876 2.884 2.892 3.9 0.904 2.912 2.92 2.928 2.936 3.944 0.948 2.956 2.964 2.972 2.98 2.988 3.996 4 
4 3.996 2.988 3.98 3.972 3.964 3.956 3.948 2.94 3.932 3.924 3.916 3.908 3.9 2.892 3.884 3.876 3.868 3.86 3.852 3.844 3.836 3.828 3.82 3.812 3.804 3.796 3.788 3.78 3.772 3.764 3.756 3.748 3.74 3.732 2.724 2.716 2.708 0.7 3.696 2.688 2.68 0.672 3.668 2.66 0.652 2.648 3.644 2.636 0.628 2.624 2.62 3.616 3.612 3.608 3.604 3.6 3.596 2.592 2.588 0.584 3.584 0.58 2.58 2.58 3.58 3.58 3.58 3.58 3.58 3.58 3.58 3.58 3.58 3.58 3.58 3.58 3.58 3.58 3.58 3.58 3.58 3.58 3.58 3.58 3.58 3.58 3.58 3.58 3.58 3.58 3.58 3.58 3.58 3.58 3.58 3.58 3.58 3.58 3.58 3.58 3.58 3.58 3.58 3.58 3.58 3.58 3.58 3.58 3.58 3.58 3.58 3.58 3.58 3.58 3.58 3.58 3.58 3.58 3.58 3.58 3.58 3.58 3.58 3.58 3.58 3.58 3.58 3.58 3.58 3.58 3.58 3.58 3.58 3.58 3.58 3.58 3.58 3.58 3.58 3.58 3.58 3.58 3.58 3.58 3.58 3.58 3.58 3.58 3.58 3.58 3.58 3.58 3.58 3.58 3.58 3.58 3.58 3.58 3.58 3.58 3.58 3.58 3.58 3.58 3.58 3.58 3.58 3.58 3.58 3.58 3.58 3.58 3.58 3.58 3.58 3.58 3.58 3.58 3.58 3.58 3.58 3.58 3.58 3.58 3.58 3.58 3.58 3.58 3.58 3.58 3.58 3.58 3.58 3.58 3.58 3.58 3.58 3.58 3.58 3.58 3.58 3.58 3.58 3.58 3.58 3.58 3.58 3.58 3.58 3.58 3.58 3.58 3.58 3.58 3.58 2.58 2.58 0.58 3.584 0.584 2.588 2.592 3.596 3.6 3.604 3.608 3.612 3.616 2.62 2.624 0.628 2.636 3.644 2.648 0.652 2.66 3.668 0.672 2.68 2.688 3.696 0.7 2.708 2.716 2.724 3.732 3.74 3.748 3.756 3.764 3.772 3.78 3.788 3.796 3.804 3.812 3.82 3.828 3.836 3.844 3.852 3.86 3.868 3.876 3.884 2.892 3.9 3.908 3.916 3.924 3.932 2.94 3.948 3.956 3.964 3.972 3.98 2.988 3.996 4 
4 3.996 3.988 0.976 2.968 2.96 2.952 2.944 3.936 0.924 2.916 2.908 2.9 2.892 3.884 0.872 2.864 2.856 2.848 3.84 0.828 2.82 2.812 2.804 3.796 0.784 2.776 2.768 2.76 3.752 0.74 2.732 2.724 2.716 2.708 3.7 3.692 3.684 3.676 3.668 3.66 3.652 3.644 2.636 2.628 2.62 0.612 3.608 2.6 2.592 0.584 3.58 0.572 2.568 3.564 0.556 2.552 2.548 3.544 3.54 3.536 2.532 2.528 0.524 3.524 0.52 2.52 2.52 3.52 3.52 3.52 3.52 3.52 3.52 3.52 3.52 3.52 3.52 3.52 3.52 3.52 3.52 3.52 3.52 3.52 3.52 3.52 3.52 3.52 3.52 3.52 3.52 3.52 3.52 3.52 3.52 3.52 3.52 3.52 3.52 3.52 3.52 3.52 3.52 3.52 3.52 3.52 3.52 3.52 3.52 3.52 3.52 3.52 3.52 3.52 3.52 3.52 3.52 3.52 3.52 3.52 3.52 3.52 3.52 3.52 3.52 3.52 3.52 3.52 3.52 3.52 3.52 3.52 3.52 3.52 3.52 3.52 3.52 3.52 3.52 3.52 3.52 3.52 3.52 3.52 3.52 3.52 3.52 3.52 3.52 3.52 3.52 3.52 3.52 3.52 3.52 3.52 3.52 3.52 3.52 3.52 3.52 3.52 3.52 3.52 3.52 3.52 3.52 3.52 3.52 3.52 3.52 3.52 3.52 3.52 3.52 3.52 3.52 3.52 3.52 3.52 3.52 3.52 3.52 3.52 3.52 3.52 3.52 3.52 3.52 3.52 3.52 3.52 3.52 3.52 3.52 3.52 3.52 3.52 3.52 3.52 3.52 3.52 3.52 3.52 3.52 3.52 3.52 3.52 3.52 3.52 3.52 3.52 2.52 2.52 0.52 3.524 0.524 2.528 2.532 3.536 3.54 3.544 2.548 2.552 0.556 3.564 2.568 0.572 3.58 0.584 2.592 2.6 3.608 0.612 2.62 2.628 2.636 3.644 3.652 3.66 3.668 3.676 3.684 3.692 3.7 2.708 2.716 2.724 2.732 0.74 3.752 2.76 2.768 2.776 0.784 3.796 2.804 2.812 2.82 0.828 3.84 2.848 2.856 2.864 0.872 3.884 2.892 2.9 2.908 2.916 0.924 3.936 2.944 2.952 2.96 2.968 0.976 3.988 3.996 4 
4 3.996 3.988 2.976 0.964 2.956 2.948 2.94 3.932 2.92 0.908 2.9 2.892 2.884 3.876 2.864 0.852 2.844 2.836 3.828 2.816 0.804 2.796 2.788 3.78 2.768 0.756 2.748 2.74 3.732 2.72 0.708 2.7 2.692 3.684 0.672 2.664 2.656 3.648 0.636 2.628 2.62 2.612 3.604 3.596 3.588 3.58 3.572 3.564 3.556 3.548 2.54 2.532 0.524 3.52 2.512 0.504 3.5 0.492 2.488 2.484 3.48 3.476 3.472 2.468 2.464 0.46 3.46 0.456 2.456 2.456 3.456 3.456 3.456 3.456 3.456 3.456 3.456 3.456 3.456 3.456 3.456 3.456 3.456 3.456 3.456 3.456 3.456 3.456 3.456 3.456 3.456 3.456 3.456 3.456 3.456 3.456 3.456 3.456 3.456 3.456 3.456 3.456 3.456 3.456 3.456 3.456 3.456 3.456 3.456 3.456 3.456 3.456 3.456 3.456 3.456 3.456 3.456 3.456 3.456 3.456 3.456 3.456 3.456 3.456 3.456 3.456 3.456 3.456 3.456 3.456 3.456 3.456 3.456 3.456 3.456 3.456 3.456 3.456 3.456 3.456 3.456 3.456 3.456 3.456 3.456 3.456 3.456 3.456 3.456 3.456 3.456 3.456 3.456 3.456 3.456 3.456 3.456 3.456 3.456 3.456 3.456 3.456 3.456 3.456 3.456 3.456 3.456 3.456 3.456 3.456 3.456 3.456 3.456 3.456 3.456 3.456 3.456 3.456 3.456 3.456 3.456 3.456 3.456 3.456 3.456 3.456 3.456 3.456 3.456 3.456 3.456 3.456 3.456 3.456 3.456 3.456 3.456 3.456 3.456 3.456 3.456 3.456 3.456 3.456 3.456 3.456 3.456 3.456 3.456 2.456 2.456 0.456 3.46 0.46 2.464 2.468 3.472 3.476 3.48 2.484 2.488 0.492 3.5 0.504 2.512 3.52 0.524 2.532 2.54 3.548 3.556 3.564 3.572 3.58 3.588 3.596 3.604 2.612 2.62 2.628 0.636 3.648 2.656 2.664 0.672 3.684 2.692 2.7 0.708 2.72 3.732 2.74 2.748 0.756 2.768 3.78 2.788 2.796 0.804 2.816 3.828 2.836 2.844 0.852 2.864 3.876 2.884 2.892 2.9 0.908 2.92 3.932 2.94 2.948 2.956 0.964 2.976 3.988 3.996 4 
4 3.996 3.988 2.976 2.964 0.952 2.944 2.936 3.928 2.916 2.904 0.892 2.884 2.876 3.868 2.856 2.844 0.832 2.824 3.816 2.804 2.792 0.78 2.772 3.764 2.752 2.74 0.728 2.72 3.712 2.7 2.688 0.676 2.668 3.66 2.648 0.636 2.628 3.62 2.608 0.596 2.588 3.58 0.568 2.56 2.552 3.544 0.532 2.524 2.516 2.508 3.5 3.492 3.484 3.476 3.468 3.46 2.452 2.444 0.436 3.432 0.424 2.42 2.416 3.412 3.408 3.404 2.4 2.396 0.392 3.392 0.388 2.388 3.388 3.388 3.388 3.388 3.388 3.388 3.388 3.388 3.388 3.388 3.388 3.388 3.388 3.388 3.388 3.388 3.388 3.388 3.388 3.388 3.388 3.388 3.388 3.388 3.388 3.388 3.388 3.388 3.388 3.388 3.388 3.388 3.388 3.388 3.388 3.388 3.388 3.388 3.388 3.388 3.388 3.388 3.388 3.388 3.388 3.388 3.388 3.388 3.388 3.388 3.388 3.388 3.388 3.388 3.388 3.388 3.388 3.388 3.388 3.388 3.388 3.388 3.388 3.388 3.388 3.388 3.388 3.388 3.388 3.388 3.388 3.388 3.388 3.388 3.388 3.388 3.388 3.388 3.388 3.388 3.388 3.388 3.388 3.388 3.388 3.388 3.388 3.388 3.388 3.388 3.388 3.388 3.388 3.388 3.388 3.388 3.388 3.388 3.388 3.388 3.388 3.388 3.388 3.388 3.388 3.388 3.388 3.388 3.388 3.388 3.388 3.388 3.388 3.388 3.388 3.388 3.388 3.388 3.388 3.388 3.388 3.388 3.388 3.388 3.388 3.388 3.388 3.388 3.388 3.388 3.388 3.388 3.388 3.388 3.388 2.388 0.388 3.392 0.392 2.396 2.4 3.404 3.408 3.412 2.416 2.42 0.424 3.432 0.436 2.444 2.452 3.46 3.468 3.476 3.484 3.492 3.5 2.508 2.516 2.524 0.532 3.544 2.552 2.56 0.568 3.58 2.588 0.596 2.608 3.62 2.628 0.636 2.648 3.66 2.668 0.676 2.688 2.7 3.712 2.72 0.728 2.74 2.752 3.764 2.772 0.78 2.792 2.804 3.816 2.824 0.832 2.844 2.856 3.868 2.876 2.884 0.892 2.904 2.916 3.928 2.936 2.944 0.952 2.964 2.976 3.988 3.996 4 
4 3.996 3.988 2.976 2.964 2.952 0.94 2.932 3.924 2.912 2.9 2.888 0.876 2.868 3.86 2.848 2.836 2.824 0.812 3.804 2.792 2.78 2.768 0.756 3.748 2.736 2.724 2.712 0.7 3.692 2.68 2.668 2.656 0.644 3.636 2.624 2.612 0.6 3.592 2.58 2.568 0.556 3.548 2.536 0.524 2.516 3.508 2.496 0.484 2.476 3.468 0.456 2.448 3.44 0.428 2.42 2.412 2.404 3.396 3.388 2.38 2.372 0.364 3.36 0.352 2.348 2.344 3.34 3.336 3.332 3.328 3.324 2.32 0.316 2.316 2.316 3.316 3.316 3.316 3.316 3.316 3.316 3.316 3.316 3.316 3.316 3.316 3.316 3.316 3.316 3.316 3.316 3.316 3.316 3.316 3.316 3.316 3.316 3.316 3.316 3.316 3.316 3.316 3.316 3.316 3.316 3.316 3.316 3.316 3.316 3.316 3.316 3.316 3.316 3.316 3.316 3.316 3.316 3.316 3.316 3.316 3.316 3.316 3.316 3.316 3.316 3.316 3.316 3.316 3.316 3.316 3.316 3.316 3.316 3.316 3.316 3.316 3.316 3.316 3.316 3.316 3.316 3.316 3.316 3.316 3.316 3.316 3.316 3.316 3.316 3.316 3.316 3.316 3.316 3.316 3.316 3.316 3.316 3.316 3.316 3.316 3.316 3.316 3.316 3.316 3.316 3.316 3.316 3.316 3.316 3.316 3.316 3.316 3.316 3.316 3.316 3.316 3.316 3.316 3.316 3.316 3.316 3.316 3.316 3.316 3.316 3.316 3.316 3.316 3.316 3.316 3.316 3.316 3.316 3.316 3.316 3.316 3.316 3.316 3.316 3.316 3.316 3.316 3.316 3.316 2.316 2.316 0.316 2.32 3.324 3.328 3.332 3.336 3.34 2.344 2.348 0.352 3.36 0.364 2.372 2.38 3.388 3.396 2.404 2.412 2.42 0.428 3.44 2.448 0.456 3.468 2.476 0.484 2.496 3.508 2.516 0.524 2.536 3.548 0.556 2.568 2.58 3.592 0.6 2.612 2.624 3.636 0.644 2.656 2.668 2.68 3.692 0.7 2.712 2.724 2.736 3.748 0.756 2.768 2.78 2.792 3.804 0.812 2.824 2.836 2.848 3.86 2.868 0.876 2.888 2.9 2.912 3.924 2.932 0.94 2.952 2.964 2.976 3.988 3.996 4 
4 3.996 3.988 2.976 2.964 2.952 2.94 0.928 3.92 2.908 2.896 2.884 2.872 0.86 3.852 3.84 3.828 3.816 3.804 2.792 3.78 3.768 3.756 3.744 3.732 3.72 3.708 3.696 3.684 3.672 3.66 3.648 3.636 3.624 3.612 3.6 3.588 3.576 3.564 3.552 3.54 3.528 2.516 2.504 2.492 0.48 3.472 2.46 2.448 0.436 3.428 2.416 0.404 3.396 2.384 0.372 2.364 3.356 0.344 2.336 2.328 3.32 3.312 2.304 2.296 0.288 3.284 0.276 2.272 3.268 0.26 2.256 2.252 2.248 0.244 3.244 0.24 2.24 3.24 3.24 3.24 3.24 3.24 3.24 3.24 3.24 3.24 3.24 3.24 3.24 3.24 3.24 3.24 3.24 3.24 3.24 3.24 3.24 3.24 3.24 3.24 3.24 3.24 3.24 3.24 3.24 3.24 3.24 3.24 3.24 3.24 3.24 3.24 3.24 3.24 3.24 3.24 3.24 3.24 3.24 3.24 3.24 3.24 3.24 3.24 3.24 3.24 3.24 3.24 3.24 3.24 3.24 3.24 3.24 3.24 3.24 3.24 3.24 3.24 3.24 3.24 3.24 3.24 3.24 3.24 3.24 3.24 3.24 3.24 3.24 3.24 3.24 3.24 3.24 3.24 3.24 3.24 3.24 3.24 3.24 3.24 3.24 3.24 3.24 3.24 3.24 3.24 3.24 3.24 3.24 3.24 3.24 3.24 3.24 3.24 3.24 3.24 3.24 3.24 3.24 3.24 3.24 3.24 3.24 3.24 3.24 3.24 3.24 3.24 3.24 3.24 3.24 3.24 3.24 3.24 3.24 3.24 3.24 3.24 3.24 3.24 3.24 3.24 2.24 0.24 3.244 0.244 2.248 2.252 2.256 0.26 3.268 2.272 0.276 3.284 0.288 2.296 2.304 3.312 3.32 2.328 2.336 0.344 3.356 2.364 0.372 2.384 3.396 0.404 2.416 3.428 0.436 2.448 2.46 3.472 0.48 2.492 2.504 2.516 3.528 3.54 3.552 3.564 3.576 3.588 3.6 3.612 3.624 3.636 3.648 3.66 3.672 3.684 3.696 3.708 3.72 3.732 3.744 3.756 3.768 3.78 2.792 3.804 3.816 3.828 3.84 3.852 0.86 2.872 2.884 2.896 2.908 3.92 0.928 2.94 2.952 2.964 2.976 3.988 3.996 4 
4 3.996 3.988 2.976 3.964 3.952 3.94 3.928 2.916 2.904 3.892 3.88 3.868 3.856 3.844 0.828 2.816 2.804 2.792 3.78 0.764 2.752 2.74 3.728 0.712 2.7 2.688 2.676 3.664 0.648 2.636 2.624 2.612 3.6 0.584 2.572 2.56 3.548 0.532 2.52 2.508 2.496 2.484 3.472 3.46 3.448 2.436 3.424 3.412 3.4 3.388 3.376 3.364 2.352 2.34 2.328 0.316 3.308 2.296 0.284 3.276 0.264 2.256 2.248 3.24 3.232 2.224 2.216 0.208 3.204 2.196 0.188 2.184 3.18 3.176 3.172 3.168 2.164 0.16 2.16 3.16 3.16 3.16 3.16 3.16 3.16 3.16 3.16 3.16 3.16 3.16 3.16 3.16 3.16 3.16 3.16 3.16 3.16 3.16 3.16 3.16 3.16 3.16 3.16 3.16 3.16 3.16 3.16 3.16 3.16 3.16 3.16 3.16 3.16 3.16 3.16 3.16 3.16 3.16 3.16 3.16 3.16 3.16 3.16 3.16 3.16 3.16 3.16 3.16 3.16 3.16 3.16 3.16 3.16 3.16 3.16 3.16 3.16 3.16 3.16 3.16 3.16 3.16 3.16 3.16 3.16 3.16 3.16 3.16 3.16 3.16 3.16 3.16 3.16 3.16 3.16 3.16 3.16 3.16 3.16 3.16 3.16 3.16 3.16 3.16 3.16 3.16 3.16 3.16 3.16 3.16 3.16 3.16 3.16 3.16 3.16 3.16 3.16 3.16 3.16 3.16 3.16 3.16 3.16 3.16 3.16 3.16 3.16 3.16 3.16 3.16 3.16 3.16 3.16 3.16 3.16 3.16 3.16 3.16 3.16 3.16 2.16 0.16 2.164 3.168 3.172 3.176 3.18 2.184 0.188 2.196 3.204 0.208 2.216 2.224 3.232 3.24 2.248 2.256 0.264 3.276 0.284 2.296 3.308 0.316 2.328 2.34 2.352 3.364 3.376 3.388 3.4 3.412 3.424 2.436 3.448 3.46 3.472 2.484 2.496 2.508 2.52 0.532 3.548 2.56 2.572 0.584 3.6 2.612 2.624 2.636 0.648 3.664 2.676 2.688 2.7 0.712 3.728 2.74 2.752 0.764 3.78 2.792 2.804 2.816 0.828 3.844 3.856 3.868 3.88 3.892 2.904 2.916 3.928 3.94 3.952 3.964 2.976 3.988 3.996 4 
4 3.996 3.988 3.976 0.96 2.948 2.936 2.924 2.912 3.9 0.884 2.872 2.86 2.848 3.836 2.82 0.804 2.792 2.78 3.768 2.752 0.736 2.724 3.712 2.696 0.68 2.668 2.656 3.644 2.628 0.612 2.6 2.588 3.576 2.56 0.544 2.532 3.52 2.504 0.488 2.476 2.464 3.452 0.436 2.424 2.412 3.4 0.384 2.372 3.36 0.344 2.332 2.32 2.308 3.296 3.284 3.272 3.26 3.248 3.236 2.224 2.212 0.2 3.192 0.18 2.172 2.164 3.156 3.148 3.14 3.132 3.124 2.116 0.108 3.104 0.096 2.092 3.088 3.084 2.08 0.076 2.076 2.076 3.076 3.076 3.076 3.076 3.076 3.076 3.076 3.076 3.076 3.076 3.076 3.076 3.076 3.076 3.076 3.076 3.076 3.076 3.076 3.076 3.076 3.076 3.076 3.076 3.076 3.076 3.076 3.076 3.076 3.076 3.076 3.076 3.076 3.076 3.076 3.076 3.076 3.076 3.076 3.076 3.076 3.076 3.076 3.076 3.076 3.076 3.076 3.076 3.076 3.076 3.076 3.076 3.076 3.076 3.076 3.076 3.076 3.076 3.076 3.076 3.076 3.076 3.076 3.076 3.076 3.076 3.076 3.076 3.076 3.076 3.076 3.076 3.076 3.076 3.076 3.076 3.076 3.076 3.076 3.076 3.076 3.076 3.076 3.076 3.076 3.076 3.076 3.076 3.076 3.076 3.076 3.076 3.076 3.076 3.076 3.076 3.076 3.076 3.076 3.076 3.076 3.076 3.076 3.076 3.076 3.076 3.076 3.076 3.076 3.076 3.076 3.076 3.076 3.076 3.076 2.076 2.076 0.076 2.08 3.084 3.088 2.092 0.096 3.104 0.108 2.116 3.124 3.132 3.14 3.148 3.156 2.164 2.172 0.18 3.192 0.2 2.212 2.224 3.236 3.248 3.26 3.272 3.284 3.296 2.308 2.32 2.332 0.344 3.36 2.372 0.384 3.4 2.412 2.424 0.436 3.452 2.464 2.476 0.488 2.504 3.52 2.532 0.544 2.56 3.576 2.588 2.6 0.612 2.628 3.644 2.656 2.668 0.68 2.696 3.712 2.724 0.736 2.752 3.768 2.78 2.792 0.804 2.82 3.836 2.848 2.86 2.872 0.884 3.9 2.912 2.924 2.936 2.948 0.96 3.976 3.988 3.996 4 
4 3.996 3.988 3.976 2.96 0.944 2.932 2.92 2.908 3.896 2.88 0.864 2.852 2.84 3.828 2.812 2.796 0.78 2.768 3.756 2.74 2.724 0.708 3.696 2.68 2.664 0.648 2.636 3.624 2.608 2.592 0.576 2.564 3.552 2.536 2.52 0.504 3.492 2.476 2.46 0.444 2.432 3.42 2.404 0.388 2.376 3.364 2.348 0.332 3.32 2.304 0.288 2.276 3.264 0.248 2.236 3.224 0.208 2.196 2.184 3.172 3.16 3.148 2.136 2.124 0.112 3.104 0.092 3.084 0.072 2.064 2.056 3.048 3.04 3.032 3.024 2.016 0.008 2.004 3 2.996 0.992 3.992 0.988 2.988 3.988 3.988 3.988 3.988 3.988 3.988 3.988 3.988 3.988 3.988 3.988 3.988 3.988 3.988 3.988 3.988 3.988 3.988 3.988 3.988 3.988 3.988 3.988 3.988 3.988 3.988 3.988 3.988 3.988 3.988 3.988 3.988 3.988 3.988 3.988 3.988 3.988 3.988 3.988 3.988 3.988 3.988 3.988 3.988 3.988 3.988 3.988 3.988 3.988 3.988 3.988 3.988 3.988 3.988 3.988 3.988 3.988 3.988 3.988 3.988 3.988 3.988 3.988 3.988 3.988 3.988 3.988 3.988 3.988 3.988 3.988 3.988 3.988 3.988 3.988 3.988 3.988 3.988 3.988 3.988 3.988 3.988 3.988 3.988 3.988 3.988 3.988 3.988 3.988 3.988 3.988 3.988 3.988 3.988 3.988 3.988 3.988 3.988 3.988 3.988 3.988 3.988 3.988 3.988 3.988 3.988 3.988 3.988 3.988 3.988 3.988 2.988 0.988 3.992 0.992 2.996 3 2.004 0.008 2.016 3.024 3.032 3.04 3.048 2.056 2.064 0.072 3.084 0.092 3.104 0.112 2.124 2.136 3.148 3.16 3.172 2.184 2.196 0.208 3.224 2.236 0.248 3.264 2.276 0.288 2.304 3.32 0.332 2.348 3.364 2.376 0.388 2.404 3.42 2.432 0.444 2.46 2.476 3.492 0.504 2.52 2.536 3.552 2.564 0.576 2.592 2.608 3.624 2.636 0.648 2.664 2.68 3.696 0.708 2.724 2.74 3.756 2.768 0.78 2.796 2.812 3.828 2.84 2.852 0.864 2.88 3.896 2.908 2.92 2.932 0.944 2.96 3.976 3.988 3.996 4 
4 3.996 3.988 3.976 2.96 2.944 0.928 2.916 2.904 3.892 2.876 2.86 0.844 2.832 3.82 2.804 2.788 2.772 0.756 3.744 3.728 3.712 3.696 2.68 2.664 2.648 2.632 0.616 3.604 2.588 2.572 2.556 0.54 3.528 3.512 3.496 3.48 2.464 2.448 2.432 2.416 0.4 3.388 2.372 2.356 0.34 3.328 3.312 3.296 2.28 2.264 2.248 0.232 3.22 2.204 0.188 3.176 2.16 0.144 3.132 0.116 2.104 2.092 3.08 3.068 3.056 3.044 3.032 3.02 3.008 0.996 3.988 0.976 3.968 0.956 2.948 3.94 3.932 3.924 1.916 3.912 3.908 3.904 3.9 3.896 1.892 3.892 3.892 3.892 3.892 3.892 3.892 3.892 3.892 3.892 3.892 3.892 3.892 3.892 3.892 3.892 3.892 3.892 3.892 3.892 3.892 3.892 3.892 3.892 3.892 3.892 3.892 3.892 3.892 3.892 3.892 3.892 3.892 3.892 3.892 3.892 3.892 3.892 3.892 3.892 3.892 3.892 3.892 3.892 3.892 3.892 3.892 3.892 3.892 3.892 3.892 3.892 3.892 3.892 3.892 3.892 3.892 3.892 3.892 3.892 3.892 3.892 3.892 3.892 3.892 3.892 3.892 3.892 3.892 3.892 3.892 3.892 3.892 3.892 3.892 3.892 3.892 3.892 3.892 3.892 3.892 3.892 3.892 3.892 3.892 3.892 3.892 3.892 3.892 3.892 3.892 3.892 3.892 3.892 3.892 3.892 3.892 3.892 3.892 3.892 3.892 3.892 3.892 3.892 3.892 3.892 3.892 3.892 3.892 3.892 1.892 3.896 3.9 3.904 3.908 3.912 1.916 3.924 3.932 3.94 2.948 0.956 3.968 0.976 3.988 0.996 3.008 3.02 3.032 3.044 3.056 3.068 3.08 2.092 2.104 0.116 3.132 0.144 2.16 3.176 0.188 2.204 3.22 0.232 2.248 2.264 2.28 3.296 3.312 3.328 0.34 2.356 2.372 3.388 0.4 2.416 2.432 2.448 2.464 3.48 3.496 3.512 3.528 0.54 2.556 2.572 2.588 3.604 0.616 2.632 2.648 2.664 2.68 3.696 3.712 3.728 3.744 0.756 2.772 2.788 2.804 3.82 2.832 0.844 2.86 2.876 3.892 2.904 2.916 0.928 2.944 2.96 3.976 3.988 3.996 4 
4 3.996 3.988 3.976 2.96 2.944 2.928 0.912 2.9 3.888 2.872 2.856 2.84 0.824 3.812 3.796 3.78 3.764 3.748 3.732 0.712 2.696 2.68 2.664 2.648 3.632 3.616 3.6 2.584 3.568 3.552 3.536 3.52 3.504 0.484 2.468 2.452 2.436 2.42 3.404 3.388 3.372 2.356 3.34 3.324 3.308 3.292 0.272 2.256 2.24 2.224 3.208 3.192 2.176 3.16 3.144 3.128 3.112 3.096 2.08 2.064 0.048 3.036 0.02 2.008 3.996 0.98 3.968 0.952 2.94 3.928 3.916 3.904 3.892 3.88 2.868 0.856 3.848 0.836 2.828 0.82 3.816 0.808 3.804 0.796 2.792 0.788 2.788 3.788 3.788 3.788 3.788 3.788 3.788 3.788 3.788 3.788 3.788 3.788 3.788 3.788 3.788 3.788 3.788 3.788 3.788 3.788 3.788 3.788 3.788 3.788 3.788 3.788 3.788 3.788 3.788 3.788 3.788 3.788 3.788 3.788 3.788 3.788 3.788 3.788 3.788 3.788 3.788 3.788 3.788 3.788 3.788 3.788 3.788 3.788 3.788 3.788 3.788 3.788 3.788 3.788 3.788 3.788 3.788 3.788 3.788 3.788 3.788 3.788 3.788 3.788 3.788 3.788 3.788 3.788 3.788 3.788 3.788 3.788 3.788 3.788 3.788 3.788 3.788 3.788 3.788 3.788 3.788 3.788 3.788 3.788 3.788 3.788 3.788 3.788 3.788 3.788 3.788 3.788 3.788 3.788 3.788 3.788 3.788 3.788 3.788 3.788 3.788 3.788 3.788 3.788 3.788 3.788 2.788 0.788 2.792 0.796 3.804 0.808 3.816 0.82 2.828 0.836 3.848 0.856 2.868 3.88 3.892 3.904 3.916 3.928 2.94 0.952 3.968 0.98 3.996 2.008 0.02 3.036 0.048 2.064 2.08 3.096 3.112 3.128 3.144 3.16 2.176 3.192 3.208 2.224 2.24 2.256 0.272 3.292 3.308 3.324 3.34 2.356 3.372 3.388 3.404 2.42 2.436 2.452 2.468 0.484 3.504 3.52 3.536 3.552 3.568 2.584 3.6 3.616 3.632 2.648 2.664 2.68 2.696 0.712 3.732 3.748 3.764 3.78 3.796 3.812 0.824 2.84 2.856 2.872 3.888 2.9 0.912 2.928 2.944 2.96 3.976 3.988 3.996 4 
